0 0.812448 0.842741 0.344175 0.225405
0 0.784433 0.626911 0.294536 0.199073
0 0.923454 0.532780 0.153093 0.111506
0 0.876211 0.286988 0.247577 0.166641
0 0.887706 0.093340 0.129639 0.079112
0 0.707603 0.334344 0.198505 0.155869
0 0.686005 0.137104 0.152113 0.106718
0 0.559536 0.192857 0.219278 0.155907
0 0.303402 0.131718 0.152062 0.107915
0 0.341031 0.303784 0.246495 0.154672
0 0.132938 0.336757 0.140825 0.081544
0 0.244974 0.432664 0.211289 0.155907
0 0.521907 0.465039 0.169691 0.112703
0 0.469897 0.601737 0.315361 0.203861
0 0.231366 0.715637 0.225722 0.170270
0 0.140954 0.574768 0.272113 0.176255
0 0.105722 0.185676 0.204948 0.139073
