0 0.310750 0.668453 0.078260 0.116426
0 0.354270 0.756637 0.088640 0.131892
0 0.401785 0.692485 0.071870 0.092327
0 0.151835 0.830976 0.086250 0.110300
0 0.102725 0.933498 0.106210 0.130691
0 0.253650 0.942485 0.082260 0.095931
0 0.339100 0.955015 0.090240 0.082853
0 0.450055 0.736194 0.071150 0.088844
0 0.545925 0.745841 0.106210 0.117508
0 0.562695 0.836914 0.082250 0.091246
0 0.558705 0.938288 0.106210 0.121111
0 0.486040 0.949632 0.058960 0.100706
0 0.304305 0.854610 0.108710 0.128318
0 0.478465 0.832282 0.058950 0.130751
0 0.427625 0.816036 0.069770 0.109640
0 0.378135 0.879384 0.054090 0.085285
0 0.414915 0.922020 0.071390 0.095841
0 0.742770 0.661254 0.073460 0.092447
0 0.651735 0.761434 0.063890 0.112718
0 0.681680 0.851359 0.058300 0.103108
0 0.672100 0.949685 0.087040 0.098318
0 0.621385 0.861554 0.060690 0.104309
0 0.602220 0.581577 0.102220 0.151081
0 0.313940 0.103161 0.087840 0.076742
0 0.269220 0.041411 0.089440 0.082733
0 0.357460 0.023423 0.090240 0.046757
0 0.430135 0.053979 0.126970 0.107958
0 0.270420 0.213468 0.107800 0.153483
0 0.368645 0.195420 0.104610 0.167988
0 0.350275 0.322583 0.115790 0.105526
0 0.790285 0.438889 0.091830 0.143874
0 0.586220 0.070143 0.142140 0.139084
0 0.763930 0.526426 0.090240 0.117508
0 0.816635 0.611494 0.091830 0.139204
0 0.709630 0.606757 0.071080 0.098318
0 0.778275 0.792560 0.134950 0.185841
0 0.176190 0.414910 0.071080 0.153483
0 0.029650 0.473063 0.055900 0.140300
0 0.062795 0.386734 0.082250 0.121096
0 0.119890 0.373544 0.059100 0.116306
0 0.159380 0.040788 0.128640 0.081577
0 0.020870 0.076179 0.041520 0.128303
0 0.097530 0.107357 0.108600 0.154685
0 0.024465 0.304002 0.048710 0.111517
0 0.038840 0.211674 0.075860 0.123498
0 0.026060 0.700285 0.047120 0.083934
0 0.081560 0.700285 0.062280 0.131892
0 0.157820 0.712275 0.088640 0.143889
0 0.245665 0.755983 0.082250 0.109234
0 0.470460 0.616291 0.075060 0.120030
0 0.876895 0.863303 0.107010 0.214625
0 0.799435 0.940646 0.102210 0.117508
0 0.875300 0.471817 0.091040 0.203844
0 0.955155 0.463423 0.087850 0.215826
0 0.900450 0.235008 0.131760 0.226622
0 0.811815 0.323138 0.064690 0.079129
0 0.633735 0.200233 0.126970 0.159474
0 0.630940 0.327928 0.081460 0.129489
0 0.718780 0.325533 0.081460 0.112718
0 0.704410 0.421456 0.076660 0.105526
0 0.404140 0.377140 0.078340 0.092327
0 0.517575 0.518026 0.099030 0.163078
0 0.171000 0.550998 0.086240 0.113919
0 0.252455 0.431697 0.081450 0.151081
0 0.341895 0.462275 0.105410 0.145090
0 0.439320 0.454422 0.078260 0.139204
0 0.392200 0.588168 0.092640 0.137898
