0 0.618931 0.838763 0.152477 0.145308
0 0.058965 0.012875 0.054762 0.025339
0 0.111572 0.023593 0.067647 0.046776
0 0.031357 0.048445 0.062715 0.057505
0 0.084734 0.083963 0.082681 0.070267
0 0.039095 0.153208 0.070860 0.077957
0 0.107817 0.159543 0.070860 0.071140
0 0.172245 0.082017 0.070871 0.074158
0 0.021160 0.213142 0.042319 0.088686
0 0.487930 0.213142 0.083756 0.084784
0 0.550215 0.264748 0.057986 0.051756
0 0.505650 0.298419 0.071934 0.070164
0 0.492766 0.348609 0.065509 0.053604
0 0.440690 0.373948 0.049389 0.055554
0 0.447132 0.116176 0.070871 0.058470
0 0.500820 0.048439 0.075170 0.063347
0 0.589943 0.038701 0.073009 0.049702
0 0.274265 0.084938 0.158937 0.169671
0 0.108891 0.381745 0.060136 0.057495
0 0.182981 0.363178 0.085894 0.114117
0 0.270498 0.370539 0.069796 0.060421
0 0.093857 0.293542 0.158914 0.196858
0 0.035877 0.408542 0.070871 0.091602
0 0.708060 0.065986 0.075170 0.080883
0 0.758529 0.120513 0.053688 0.073183
0 0.774632 0.052341 0.064423 0.053593
0 0.815973 0.106869 0.067647 0.063450
0 0.301301 0.282495 0.166855 0.163142
0 0.635040 0.148332 0.238382 0.212454
0 0.935696 0.123973 0.040803 0.044825
0 0.974355 0.163881 0.049389 0.062464
0 0.908852 0.200472 0.171799 0.188090
0 0.776244 0.248717 0.071946 0.058480
0 0.769802 0.310601 0.082681 0.069189
0 0.835837 0.437777 0.066584 0.062372
0 0.569005 0.409030 0.059050 0.065287
0 0.620549 0.443578 0.052613 0.044918
0 0.646855 0.359769 0.216900 0.200852
0 0.336527 0.484071 0.055837 0.043850
0 0.126069 0.470426 0.105238 0.104281
0 0.181906 0.510334 0.036505 0.049805
0 0.062715 0.550344 0.055837 0.073090
0 0.123382 0.552731 0.067647 0.072218
0 0.066476 0.609790 0.059061 0.047752
0 0.166340 0.636586 0.033292 0.033131
0 0.116946 0.643850 0.091267 0.084887
0 0.024061 0.711632 0.045090 0.052628
0 0.070775 0.702320 0.054762 0.059548
0 0.135198 0.714502 0.063360 0.056622
0 0.054983 0.781263 0.109966 0.100472
0 0.144327 0.807572 0.068722 0.069292
0 0.277472 0.705293 0.042952 0.047752
0 0.301629 0.745200 0.067647 0.047854
0 0.498133 0.477248 0.198643 0.193943
0 0.598535 0.576607 0.062274 0.063439
0 0.448739 0.580991 0.089129 0.078060
0 0.594774 0.673624 0.048326 0.044825
0 0.630741 0.700857 0.042952 0.056622
0 0.665107 0.673573 0.085894 0.072218
0 0.581889 0.740868 0.065498 0.072125
0 0.714502 0.575678 0.219050 0.219281
0 0.951804 0.709682 0.051550 0.040924
0 0.971669 0.781797 0.054762 0.052628
0 0.966776 0.851966 0.066448 0.085760
0 0.927585 0.947859 0.144830 0.104281
0 0.858388 0.719861 0.206165 0.192084
0 0.923812 0.481571 0.152376 0.210575
0 0.700006 0.875842 0.061210 0.043860
0 0.655979 0.741792 0.048314 0.037136
0 0.530888 0.945524 0.096640 0.095503
0 0.234525 0.770103 0.055837 0.066263
0 0.297879 0.795390 0.070871 0.072218
0 0.441227 0.818783 0.194355 0.175513
0 0.299485 0.604384 0.181459 0.191109
0 0.769265 0.814882 0.053688 0.054671
0 0.822952 0.884569 0.141742 0.131663
0 0.105130 0.844656 0.050464 0.051653
0 0.158818 0.880180 0.056912 0.074158
0 0.221097 0.819805 0.074095 0.068214
0 0.232907 0.893337 0.095566 0.104374
0 0.091708 0.905565 0.090204 0.070164
0 0.046075 0.941134 0.050475 0.047752
0 0.014717 0.971299 0.029434 0.057402
0 0.044463 0.981971 0.045102 0.036057
0 0.095464 0.975688 0.067647 0.044928
0 0.198015 0.963552 0.064423 0.043860
0 0.235057 0.986407 0.048326 0.025441
0 0.162579 0.990308 0.077308 0.017639
0 0.296267 0.926473 0.048326 0.045903
0 0.363377 0.899230 0.042952 0.034107
0 0.335458 0.925544 0.040803 0.036057
0 0.293043 0.974225 0.076244 0.051550
0 0.385922 0.948398 0.070871 0.078070
0 0.435854 0.971786 0.046165 0.050780
0 0.891278 0.052669 0.149434 0.100698
0 0.781216 0.012526 0.074265 0.025051
