0 0.633491 0.414045 0.151109 0.134062
0 0.474266 0.403638 0.169809 0.126565
0 0.476186 0.508554 0.151109 0.098253
0 0.577129 0.520627 0.053260 0.045795
0 0.684269 0.593902 0.061931 0.049126
0 0.646494 0.545607 0.107761 0.084097
0 0.565367 0.570173 0.059457 0.054956
0 0.354185 0.537697 0.127577 0.096589
0 0.475569 0.622628 0.147394 0.134891
0 0.544927 0.702567 0.060690 0.038302
0 0.573972 0.743364 0.054626 0.053292
0 0.240231 0.588075 0.112709 0.085765
0 0.344273 0.626375 0.107753 0.094092
0 0.312687 0.792907 0.066887 0.052458
0 0.291571 0.907816 0.049662 0.039136
0 0.741186 0.711308 0.059581 0.052458
0 0.661982 0.678418 0.128811 0.111575
0 0.827331 0.674672 0.117673 0.094092
0 0.966006 0.703398 0.067988 0.089926
0 0.140128 0.640501 0.122827 0.108248
0 0.090584 0.698097 0.062959 0.044408
0 0.043106 0.638075 0.083612 0.104778
0 0.032647 0.722730 0.065294 0.095064
0 0.093164 0.776851 0.113539 0.088124
0 0.026971 0.822303 0.053943 0.095760
0 0.225800 0.738690 0.164112 0.136698
0 0.268634 0.853179 0.144508 0.095064
0 0.308374 0.963193 0.178568 0.073613
0 0.528744 0.917019 0.152761 0.118657
0 0.946909 0.850923 0.052467 0.049151
0 0.907775 0.976982 0.080852 0.039896
0 0.799398 0.972357 0.068811 0.053776
0 0.804559 0.897443 0.123862 0.098361
0 0.772302 0.782981 0.123003 0.114492
0 0.857471 0.812451 0.109214 0.082157
0 0.914655 0.911930 0.104934 0.098302
0 0.323858 0.096631 0.075352 0.053430
0 0.489783 0.021157 0.064780 0.040765
0 0.676858 0.102184 0.135213 0.106165
0 0.839427 0.052572 0.144508 0.102695
0 0.856920 0.132021 0.101256 0.065918
0 0.760980 0.231594 0.080507 0.066614
0 0.839941 0.201375 0.095991 0.075701
0 0.943627 0.188922 0.109515 0.129758
0 0.593253 0.262125 0.056769 0.044408
0 0.397140 0.150027 0.075352 0.064605
0 0.905947 0.389107 0.131189 0.106861
0 0.851296 0.295745 0.176498 0.114561
0 0.514240 0.294008 0.117775 0.093050
0 0.315084 0.316597 0.061931 0.046491
0 0.214908 0.076821 0.051711 0.033376
0 0.170580 0.065721 0.053671 0.036150
0 0.104001 0.042416 0.095991 0.082759
0 0.035745 0.049679 0.071490 0.098766
0 0.018851 0.146592 0.037159 0.053430
0 0.093682 0.136496 0.126953 0.102764
0 0.133418 0.197907 0.101153 0.078480
0 0.305742 0.228818 0.134288 0.131841
0 0.169545 0.300634 0.063994 0.043717
0 0.209236 0.236451 0.116740 0.087433
0 0.406377 0.284294 0.139449 0.119418
0 0.204435 0.025439 0.116432 0.050790
0 0.121186 0.354250 0.156953 0.107917
0 0.060540 0.475950 0.117717 0.097122
0 0.223744 0.484946 0.065991 0.062349
0 0.347926 0.380323 0.152474 0.089926
0 0.855819 0.600563 0.065646 0.054126
0 0.772214 0.423623 0.133767 0.093258
0 0.775929 0.491900 0.099082 0.061619
0 0.691024 0.489403 0.095499 0.066614
