0 0.754125 0.367445 0.111283 0.166916
0 0.853692 0.334611 0.103950 0.120436
0 0.928725 0.487181 0.072483 0.130000
0 0.852592 0.483069 0.090050 0.160093
0 0.814150 0.626059 0.090767 0.169688
0 0.804267 0.809424 0.060767 0.098536
0 0.859908 0.866900 0.056383 0.087570
0 0.653100 0.862103 0.082000 0.094424
0 0.761450 0.937368 0.172767 0.121776
0 0.891017 0.933941 0.082000 0.109439
0 0.696292 0.501558 0.128850 0.177882
0 0.724842 0.691059 0.111283 0.201121
0 0.620150 0.669844 0.096633 0.188847
0 0.506317 0.409860 0.079800 0.194299
0 0.395042 0.381822 0.104683 0.225763
0 0.376017 0.555592 0.094433 0.192928
0 0.291458 0.372913 0.092250 0.227134
0 0.296950 0.603489 0.106133 0.242181
0 0.434575 0.734844 0.084183 0.165576
0 0.520958 0.710903 0.120783 0.229907
0 0.530842 0.886745 0.125917 0.127259
0 0.420300 0.940093 0.118600 0.110841
0 0.213133 0.887414 0.171300 0.175140
0 0.150542 0.744424 0.069550 0.086231
0 0.221917 0.777944 0.060033 0.079377
0 0.209467 0.697897 0.071733 0.094424
0 0.089408 0.793006 0.071750 0.131371
0 0.039267 0.734844 0.072467 0.132741
0 0.051708 0.916822 0.103217 0.143676
