0 0.728105 0.968201 0.093504 0.062349
0 0.601552 0.147460 0.056422 0.056358
0 0.851434 0.049736 0.051584 0.055154
0 0.978791 0.096501 0.037078 0.074339
0 0.917934 0.088106 0.086254 0.119897
0 0.973677 0.199615 0.052646 0.067144
0 0.898186 0.194820 0.099956 0.117511
0 0.814356 0.147460 0.087053 0.118708
0 0.784531 0.222999 0.116071 0.123502
0 0.713191 0.260169 0.057231 0.063554
0 0.676518 0.173836 0.096728 0.109112
0 0.917934 0.472401 0.118495 0.152276
0 0.964005 0.684027 0.071989 0.182254
0 0.907860 0.701413 0.038692 0.053957
0 0.794203 0.684027 0.048366 0.074339
0 0.856673 0.730191 0.099151 0.142687
0 0.741004 0.770360 0.127359 0.167871
0 0.776468 0.909449 0.082216 0.107915
0 0.743823 0.425033 0.047557 0.050360
0 0.703924 0.456211 0.045143 0.062349
0 0.679339 0.337507 0.108815 0.127100
0 0.595104 0.317122 0.046752 0.064743
0 0.522557 0.419640 0.041915 0.049163
0 0.570116 0.431630 0.054812 0.068341
0 0.391170 0.094101 0.109625 0.129493
0 0.231567 0.238587 0.066096 0.068348
0 0.263006 0.402856 0.046752 0.051557
0 0.149751 0.603091 0.066905 0.073142
0 0.096550 0.673836 0.055617 0.077937
0 0.019571 0.508370 0.037078 0.065947
0 0.102596 0.326714 0.103179 0.127100
0 0.051009 0.151057 0.101565 0.135492
0 0.133228 0.144460 0.066101 0.117511
0 0.201340 0.158851 0.071742 0.098319
0 0.192473 0.057243 0.134610 0.114486
0 0.298068 0.149255 0.126550 0.167863
0 0.704729 0.032662 0.088667 0.065323
0 0.696264 0.905852 0.049171 0.055154
0 0.639842 0.958010 0.102369 0.073142
0 0.641049 0.860888 0.108011 0.106711
0 0.591478 0.759570 0.083026 0.105514
0 0.487090 0.769761 0.059650 0.077937
0 0.481044 0.934629 0.094309 0.117511
0 0.317009 0.683429 0.046752 0.056358
0 0.300081 0.829714 0.038692 0.058752
0 0.076399 0.782952 0.037883 0.065947
0 0.630573 0.654053 0.093504 0.105521
0 0.537470 0.651057 0.095918 0.125903
0 0.630168 0.530554 0.123327 0.143884
0 0.512483 0.517963 0.108815 0.145088
0 0.494748 0.225995 0.063682 0.088730
0 0.547949 0.350095 0.081417 0.094728
0 0.484672 0.309332 0.075770 0.104317
0 0.424218 0.234391 0.091890 0.139090
0 0.419783 0.371678 0.144284 0.145088
0 0.402456 0.517364 0.122522 0.153480
0 0.381096 0.648043 0.097532 0.153502
0 0.300486 0.481993 0.091081 0.109112
0 0.284768 0.594703 0.117690 0.140286
0 0.232776 0.695419 0.134615 0.135492
0 0.240844 0.789563 0.079812 0.100756
0 0.199733 0.857907 0.062053 0.086300
0 0.139272 0.902852 0.103983 0.116307
0 0.065921 0.823117 0.037883 0.052753
0 0.017846 0.802137 0.035691 0.097122
0 0.042949 0.891465 0.085444 0.103120
0 0.050605 0.966116 0.099146 0.067768
0 0.146528 0.981105 0.045948 0.037790
0 0.823625 0.975106 0.087863 0.049787
0 0.358119 0.874677 0.111234 0.158267
