0 0.631509 0.170285 0.166289 0.212248
0 0.165204 0.375319 0.146069 0.157081
0 0.289355 0.360940 0.106761 0.118725
0 0.169701 0.042601 0.130346 0.083926
0 0.266887 0.206258 0.228113 0.233792
0 0.568585 0.416091 0.132579 0.137886
0 0.686006 0.449664 0.082013 0.094698
0 0.638255 0.501225 0.096635 0.077953
0 0.832642 0.396896 0.233711 0.209832
0 0.866336 0.142114 0.188774 0.215839
0 0.644434 0.643909 0.234843 0.185872
0 0.435991 0.732651 0.114623 0.125906
0 0.461274 0.920285 0.255063 0.148691
0 0.203396 0.583943 0.168553 0.209832
0 0.365204 0.497030 0.114623 0.091107
0 0.411824 0.586342 0.142704 0.116309
0 0.953396 0.706258 0.093208 0.288960
0 0.926462 0.920889 0.144937 0.149899
