0 0.921414 0.293106 0.058122 0.062351
0 0.815062 0.486155 0.046233 0.050359
0 0.875837 0.445385 0.064729 0.079127
0 0.939910 0.447182 0.060769 0.068347
0 0.976900 0.288311 0.042285 0.052762
0 0.832234 0.360852 0.038314 0.039569
0 0.862624 0.287110 0.054163 0.062351
0 0.876499 0.354256 0.079265 0.081530
0 0.728529 0.293106 0.050204 0.047957
0 0.704751 0.254738 0.068688 0.045554
0 0.694180 0.206176 0.068699 0.068347
0 0.762879 0.228362 0.058133 0.062351
0 0.783354 0.181597 0.072658 0.064754
0 0.854700 0.197182 0.062093 0.074343
0 0.942551 0.219964 0.081912 0.093522
0 0.899615 0.154020 0.048891 0.043172
0 0.905560 0.099466 0.079265 0.061150
0 0.951137 0.059892 0.038314 0.044363
0 0.953122 0.018527 0.047557 0.033583
0 0.898298 0.022125 0.051527 0.043162
0 0.842149 0.120447 0.047557 0.064754
0 0.766188 0.106057 0.080588 0.088727
0 0.797890 0.036514 0.064740 0.050359
0 0.704089 0.071884 0.048880 0.049168
0 0.663795 0.071884 0.044921 0.034774
0 0.639355 0.102459 0.043597 0.043172
0 0.700786 0.029317 0.081912 0.057546
0 0.615577 0.050898 0.067376 0.071940
0 0.566697 0.025719 0.056810 0.047967
0 0.464310 0.053301 0.084548 0.081530
0 0.878479 0.530513 0.091165 0.088727
0 0.886408 0.612654 0.062093 0.058758
0 0.967313 0.589867 0.065373 0.094723
0 0.811765 0.628239 0.087195 0.097115
0 0.727212 0.624641 0.081912 0.061150
0 0.898298 0.696586 0.122862 0.137895
0 0.702110 0.724163 0.192885 0.188244
0 0.715979 0.907017 0.165147 0.170257
0 0.828937 0.921407 0.071335 0.081540
0 0.889706 0.839266 0.066063 0.068347
0 0.955102 0.847064 0.062081 0.076735
0 0.911505 0.910611 0.080588 0.064754
0 0.967653 0.953778 0.060781 0.057556
0 0.882438 0.974764 0.075305 0.041971
0 0.554808 0.886032 0.070023 0.056355
0 0.496012 0.947182 0.076618 0.053953
0 0.410803 0.959774 0.067376 0.047967
0 0.289259 0.927998 0.072658 0.070739
0 0.513852 0.788311 0.064740 0.076745
0 0.448456 0.733753 0.055486 0.053953
0 0.489406 0.701982 0.068699 0.067146
0 0.508569 0.650421 0.062093 0.057556
0 0.553484 0.625241 0.059457 0.059949
0 0.433264 0.593470 0.059446 0.063552
0 0.378433 0.553901 0.058133 0.049158
0 0.350034 0.630036 0.151923 0.153480
0 0.231787 0.686396 0.073982 0.067146
0 0.223207 0.752336 0.075305 0.062351
0 0.234434 0.875241 0.058122 0.053953
0 0.181589 0.896227 0.063405 0.059949
0 0.222545 0.947182 0.071335 0.068347
0 0.065328 0.878239 0.039638 0.045554
0 0.023416 0.827880 0.046833 0.055164
0 0.094395 0.807495 0.137387 0.141478
0 0.086465 0.951982 0.118903 0.092320
0 0.361923 0.848866 0.207421 0.147485
0 0.167721 0.559292 0.059446 0.055154
0 0.085147 0.513131 0.169095 0.214620
0 0.404197 0.422603 0.059457 0.057546
0 0.284632 0.422603 0.190238 0.189456
0 0.333518 0.318886 0.079276 0.070749
0 0.340124 0.255939 0.052851 0.038368
0 0.364559 0.293106 0.043597 0.050359
0 0.402879 0.320683 0.051527 0.047957
0 0.417404 0.258337 0.075305 0.067146
0 0.554140 0.423203 0.076629 0.070739
0 0.486109 0.504738 0.144005 0.147485
0 0.698807 0.399820 0.180984 0.208634
0 0.552161 0.192988 0.154570 0.171458
0 0.046176 0.291905 0.046244 0.050359
0 0.138654 0.270323 0.165136 0.151078
0 0.224525 0.189394 0.048891 0.051561
0 0.291906 0.123445 0.062093 0.046766
0 0.379757 0.157017 0.134762 0.133090
0 0.174327 0.114451 0.149287 0.124692
0 0.054463 0.053301 0.108925 0.105513
0 0.031640 0.146828 0.059457 0.088727
0 0.027681 0.219964 0.054163 0.059949
0 0.663795 0.519723 0.066052 0.057556
