0 0.922393 0.666159 0.121529 0.148943
0 0.091171 0.105549 0.171114 0.191667
0 0.149429 0.243679 0.054600 0.060447
0 0.221636 0.054075 0.131071 0.108150
0 0.299307 0.285976 0.126214 0.203740
0 0.064093 0.547561 0.128186 0.226179
0 0.396993 0.441372 0.146843 0.162297
0 0.427336 0.578648 0.151700 0.143313
0 0.459493 0.144400 0.131071 0.131240
0 0.435229 0.279075 0.145629 0.189939
0 0.563864 0.222967 0.121357 0.160569
0 0.540200 0.053211 0.156543 0.106423
0 0.653664 0.172033 0.150471 0.203740
0 0.715557 0.062388 0.116514 0.119126
0 0.833279 0.087419 0.118929 0.155407
0 0.943943 0.064116 0.112114 0.126037
0 0.877000 0.237043 0.172771 0.180183
0 0.931179 0.397967 0.099557 0.137480
0 0.972171 0.494827 0.046857 0.068760
0 0.717779 0.606799 0.060757 0.067703
0 0.534764 0.405772 0.144214 0.159350
0 0.583443 0.550030 0.149343 0.135386
0 0.484614 0.692205 0.101029 0.136443
0 0.617121 0.694807 0.177157 0.164573
0 0.707893 0.780742 0.068814 0.076037
0 0.826857 0.383902 0.109086 0.134350
0 0.729864 0.432337 0.140557 0.181220
0 0.845521 0.517744 0.128843 0.152073
0 0.927886 0.809898 0.135429 0.140610
0 0.897500 0.903638 0.112743 0.128130
0 0.719243 0.890620 0.106143 0.135386
0 0.805264 0.882805 0.092243 0.203089
0 0.541714 0.852083 0.150800 0.162500
0 0.447650 0.917703 0.157386 0.120813
0 0.400429 0.799482 0.117143 0.161443
0 0.299407 0.922907 0.115671 0.125000
0 0.211550 0.782825 0.134700 0.157276
0 0.177879 0.934888 0.105414 0.126037
0 0.103514 0.871738 0.115457 0.184654
0 0.030057 0.824380 0.060114 0.181037
