0 0.265839 0.435425 0.153087 0.128585
0 0.409765 0.441730 0.171477 0.187107
0 0.511443 0.370000 0.085772 0.098742
0 0.502869 0.634591 0.068624 0.076918
0 0.546292 0.682799 0.094463 0.076918
0 0.831158 0.639182 0.286611 0.228428
0 0.870252 0.878994 0.259497 0.242013
0 0.575084 0.841730 0.335738 0.312327
0 0.765000 0.287280 0.418926 0.404182
0 0.383440 0.217311 0.376074 0.280094
0 0.582433 0.578852 0.186342 0.176887
0 0.636393 0.161635 0.142114 0.118239
0 0.949262 0.184041 0.101477 0.169906
0 0.644966 0.285047 0.105369 0.094119
0 0.304430 0.943899 0.320940 0.105723
0 0.079027 0.920314 0.154362 0.159371
0 0.103221 0.475031 0.206443 0.363899
0 0.297013 0.650031 0.345570 0.300881
