0 0.890869 0.940964 0.218263 0.118071
0 0.688494 0.815983 0.244113 0.304551
0 0.904075 0.760225 0.191850 0.238614
0 0.279906 0.908315 0.200088 0.179850
0 0.179462 0.752434 0.164075 0.196629
0 0.331937 0.643923 0.222500 0.310543
0 0.457188 0.245833 0.236100 0.281779
0 0.291912 0.354354 0.235300 0.273390
0 0.237494 0.165496 0.248113 0.121105
0 0.081531 0.244036 0.163062 0.280581
0 0.137050 0.501835 0.229700 0.292584
0 0.919681 0.245833 0.160637 0.281779
0 0.471600 0.848961 0.221700 0.291367
0 0.581650 0.533605 0.278525 0.305749
0 0.708900 0.277013 0.268925 0.310543
0 0.843762 0.532406 0.226500 0.298558
