0 0.043673 0.026448 0.064655 0.052896
0 0.058436 0.094863 0.078182 0.086339
0 0.078782 0.171639 0.051891 0.081530
0 0.244345 0.146421 0.067018 0.103115
0 0.281055 0.030738 0.052655 0.056339
0 0.296600 0.092486 0.045491 0.059945
0 0.357636 0.083497 0.052655 0.075519
0 0.406709 0.077486 0.047091 0.080328
0 0.477327 0.035546 0.095745 0.068361
0 0.454600 0.093087 0.050291 0.049126
0 0.499673 0.144044 0.087782 0.115082
0 0.646091 0.059508 0.050291 0.065902
0 0.712727 0.051721 0.078182 0.098306
0 0.782127 0.030137 0.071818 0.057541
0 0.817236 0.101475 0.051055 0.109071
0 0.868309 0.079317 0.052691 0.103115
0 0.879091 0.157213 0.078982 0.088743
0 0.963255 0.215984 0.065418 0.134262
0 0.762582 0.147022 0.063055 0.101913
0 0.691964 0.129672 0.076582 0.086339
0 0.617764 0.144044 0.063818 0.107869
0 0.679200 0.213579 0.054255 0.069563
0 0.623745 0.243552 0.056655 0.079126
0 0.567091 0.245355 0.059855 0.087541
0 0.612582 0.328087 0.053455 0.080328
0 0.719891 0.296339 0.103709 0.163060
0 0.656855 0.391066 0.071818 0.107923
0 0.794891 0.376667 0.038291 0.071913
0 0.837600 0.468361 0.058255 0.080328
0 0.786509 0.510956 0.082182 0.100710
0 0.955691 0.537923 0.066218 0.080328
0 0.944509 0.409016 0.059855 0.091148
0 0.563509 0.324508 0.046291 0.073169
0 0.512036 0.340082 0.056655 0.087486
0 0.379982 0.181230 0.075018 0.110328
0 0.452600 0.207596 0.057418 0.071913
0 0.433436 0.297541 0.095745 0.129508
0 0.359255 0.278333 0.044691 0.076776
0 0.363618 0.362869 0.040691 0.077978
0 0.404327 0.416831 0.053455 0.077923
0 0.496091 0.473770 0.050291 0.071913
0 0.569491 0.437814 0.099709 0.139126
0 0.587036 0.546940 0.047091 0.081530
0 0.663636 0.500738 0.090182 0.106721
0 0.684000 0.600273 0.059055 0.092350
0 0.731455 0.567896 0.058255 0.104317
0 0.794491 0.602678 0.066218 0.077923
0 0.926545 0.632049 0.079782 0.105519
0 0.967255 0.714180 0.047891 0.101913
0 0.913800 0.740574 0.070218 0.101913
0 0.930545 0.838279 0.071782 0.103115
0 0.970673 0.915410 0.056545 0.097377
0 0.832891 0.689235 0.098945 0.129508
0 0.861200 0.789973 0.058255 0.091093
0 0.817727 0.814536 0.039891 0.073115
0 0.853218 0.892486 0.064618 0.085082
0 0.845636 0.959016 0.057455 0.079126
0 0.790200 0.928443 0.061418 0.109126
0 0.757891 0.670082 0.055855 0.105519
0 0.713582 0.680847 0.040691 0.062350
0 0.666109 0.687432 0.052655 0.085137
0 0.653764 0.774973 0.043891 0.097158
0 0.701236 0.794754 0.059055 0.074317
0 0.760273 0.788169 0.086145 0.130656
0 0.714400 0.889481 0.078982 0.115137
0 0.650164 0.924262 0.049491 0.088743
0 0.619836 0.825929 0.046291 0.071967
0 0.603073 0.741393 0.065418 0.104317
0 0.587909 0.645492 0.039891 0.061148
0 0.525291 0.644290 0.093345 0.142678
0 0.537655 0.822350 0.063818 0.124699
0 0.518109 0.952459 0.061455 0.082732
0 0.590309 0.903279 0.065418 0.116284
0 0.474236 0.772568 0.069418 0.113880
0 0.406000 0.720437 0.047855 0.079126
0 0.394036 0.812732 0.055855 0.083934
0 0.456273 0.878716 0.078218 0.100710
0 0.354145 0.909863 0.087782 0.115137
0 0.431527 0.962131 0.082982 0.075738
0 0.416382 0.586148 0.067018 0.103115
0 0.399618 0.494426 0.059018 0.080328
0 0.325018 0.494426 0.055055 0.082732
0 0.321818 0.577732 0.064655 0.071967
0 0.340564 0.665273 0.102145 0.115137
0 0.343764 0.773770 0.054291 0.080328
0 0.267164 0.812158 0.038327 0.061148
0 0.273145 0.739016 0.069418 0.089945
0 0.227673 0.824153 0.056655 0.121093
0 0.307055 0.843333 0.062255 0.089945
0 0.261182 0.940464 0.086945 0.109126
0 0.313436 0.246202 0.063818 0.097104
0 0.265164 0.297158 0.051855 0.098361
0 0.305073 0.383497 0.071018 0.122295
0 0.261582 0.445847 0.060618 0.074317
0 0.257582 0.518989 0.076618 0.069563
0 0.217709 0.591503 0.081382 0.106721
0 0.189764 0.454235 0.089345 0.177432
0 0.214891 0.234809 0.069418 0.122295
0 0.149873 0.264781 0.071818 0.095902
0 0.094418 0.263579 0.037491 0.062350
0 0.145891 0.350519 0.062255 0.073169
0 0.096418 0.343934 0.049491 0.079126
0 0.039764 0.385902 0.065418 0.124699
0 0.114364 0.438661 0.055055 0.107923
0 0.113564 0.526175 0.061455 0.069508
0 0.114764 0.581913 0.038327 0.044372
0 0.135509 0.627486 0.054291 0.077923
0 0.046545 0.700055 0.063055 0.124699
0 0.208109 0.729426 0.054255 0.094699
0 0.151855 0.786366 0.031127 0.050328
0 0.182182 0.809153 0.034327 0.086284
0 0.111564 0.825929 0.084582 0.131858
0 0.032655 0.804973 0.065309 0.121093
0 0.034236 0.899098 0.068473 0.105519
