0 0.510253 0.122269 0.323315 0.224637
0 0.911760 0.562650 0.176479 0.241000
0 0.908390 0.777519 0.183221 0.222912
0 0.770215 0.918588 0.341442 0.162825
0 0.715899 0.711906 0.310412 0.257437
0 0.752116 0.458094 0.346629 0.253987
0 0.877350 0.246669 0.245300 0.262437
0 0.640890 0.284569 0.289719 0.259162
0 0.750768 0.058787 0.361049 0.116825
0 0.241245 0.174156 0.225037 0.172662
0 0.098970 0.285519 0.188839 0.212363
0 0.347294 0.332050 0.297472 0.236725
0 0.454644 0.579044 0.336255 0.298713
0 0.073418 0.888369 0.146835 0.223263
0 0.239953 0.898381 0.258670 0.202187
0 0.462406 0.846581 0.325936 0.253988
0 0.203736 0.673919 0.300056 0.250538
0 0.138081 0.461550 0.276161 0.247075
