0 0.253193 0.588676 0.185858 0.241002
0 0.362656 0.339876 0.320406 0.232609
0 0.455585 0.498750 0.214358 0.181052
0 0.146585 0.834484 0.264528 0.255397
0 0.952986 0.895630 0.094028 0.161875
0 0.889703 0.703189 0.220594 0.256597
0 0.842689 0.466379 0.272509 0.272183
0 0.618061 0.381840 0.199538 0.268581
0 0.607175 0.621052 0.253236 0.219425
0 0.513165 0.811701 0.199538 0.209831
0 0.447604 0.954985 0.232604 0.083938
0 0.351821 0.160620 0.216642 0.181062
0 0.813042 0.895035 0.181292 0.179851
0 0.649991 0.898031 0.174453 0.181062
0 0.781627 0.254747 0.209915 0.165466
0 0.106679 0.493953 0.132264 0.164276
0 0.533061 0.135263 0.166594 0.241359
0 0.878604 0.109583 0.232604 0.218373
0 0.685340 0.131964 0.156208 0.178413
0 0.053340 0.631245 0.106679 0.127093
0 0.342071 0.760739 0.149481 0.160665
0 0.306783 0.881845 0.096925 0.141488
0 0.428788 0.070689 0.080953 0.068343
0 0.170528 0.334479 0.107189 0.142688
0 0.067335 0.383041 0.133406 0.146280
0 0.134613 0.278125 0.055868 0.049167
0 0.089571 0.279926 0.029651 0.026379
