0 0.154519 0.801570 0.082988 0.070780
0 0.772019 0.512043 0.080264 0.058756
0 0.826417 0.699094 0.057078 0.044368
0 0.967610 0.959287 0.064780 0.070745
0 0.897764 0.965281 0.082048 0.058756
0 0.782720 0.917917 0.062430 0.033574
0 0.825437 0.935304 0.051902 0.039571
0 0.908465 0.860965 0.085609 0.075543
0 0.977419 0.852572 0.045162 0.046762
0 0.855848 0.798013 0.073120 0.052759
0 0.672137 0.902932 0.076696 0.046762
0 0.508098 0.979042 0.063319 0.041915
0 0.327706 0.899255 0.125441 0.104008
0 0.601278 0.847855 0.080044 0.062246
0 0.780474 0.766500 0.077408 0.060138
0 0.685426 0.768813 0.093759 0.079798
0 0.682166 0.680417 0.060690 0.046629
0 0.405338 0.736621 0.059457 0.044131
0 0.146468 0.941456 0.104038 0.047463
0 0.137801 0.869847 0.069361 0.054126
0 0.235646 0.772843 0.071836 0.054956
0 0.046142 0.806565 0.091652 0.087433
0 0.150184 0.702480 0.121380 0.099087
0 0.090110 0.618384 0.085463 0.072443
0 0.479035 0.706644 0.082988 0.069112
0 0.593605 0.712887 0.106520 0.088263
0 0.879104 0.645027 0.137489 0.109077
0 0.939794 0.522209 0.092893 0.074941
0 0.906975 0.301552 0.056975 0.043302
0 0.959681 0.364835 0.080639 0.083263
0 0.975162 0.264311 0.049677 0.081140
0 0.771964 0.265506 0.133767 0.112058
0 0.860525 0.361920 0.087937 0.079102
0 0.759578 0.412298 0.091652 0.064951
0 0.980734 0.588823 0.038532 0.096589
0 0.237504 0.582162 0.110235 0.081599
0 0.417104 0.478077 0.045822 0.039965
0 0.431968 0.431866 0.060690 0.047463
0 0.627665 0.629208 0.102805 0.065780
0 0.509996 0.597984 0.122621 0.096589
0 0.371894 0.592572 0.116432 0.090760
0 0.645628 0.380656 0.086703 0.078272
0 0.638194 0.463922 0.106520 0.078268
0 0.513715 0.497646 0.112717 0.087433
0 0.523007 0.389398 0.118906 0.084097
0 0.453025 0.295306 0.063172 0.042468
0 0.319255 0.406885 0.065646 0.045795
0 0.345885 0.455597 0.094134 0.066614
0 0.308726 0.516797 0.091652 0.062448
0 0.225738 0.505138 0.094134 0.064116
0 0.146274 0.399743 0.083003 0.057394
0 0.253590 0.288537 0.062849 0.053411
0 0.341931 0.324810 0.125698 0.103628
0 0.424938 0.256254 0.061667 0.043050
0 0.916215 0.229045 0.083003 0.066431
0 0.981821 0.186530 0.036358 0.067759
0 0.686960 0.204462 0.067195 0.051816
0 0.704255 0.091202 0.052372 0.041851
0 0.726979 0.152315 0.103752 0.079052
0 0.703759 0.033739 0.130441 0.065099
0 0.168172 0.328026 0.096843 0.074403
0 0.224989 0.222401 0.095852 0.073075
0 0.157797 0.180548 0.080044 0.065104
0 0.050088 0.144013 0.056329 0.041185
0 0.084178 0.083381 0.094860 0.074758
0 0.195841 0.111130 0.112651 0.069753
0 0.465117 0.080020 0.121542 0.104067
0 0.032794 0.299793 0.065220 0.088351
0 0.199207 0.028697 0.072570 0.057394
0 0.096043 0.023912 0.085374 0.042088
0 0.800606 0.976752 0.108172 0.046496
