0 0.974837 0.855524 0.050260 0.067153
0 0.595700 0.969727 0.082007 0.060546
0 0.552055 0.329137 0.075824 0.093525
0 0.638465 0.481423 0.056432 0.095914
0 0.711643 0.456239 0.063482 0.074336
0 0.702386 0.557559 0.092581 0.111519
0 0.753086 0.593532 0.037039 0.053968
0 0.798053 0.651084 0.075824 0.111519
0 0.690483 0.669676 0.096996 0.105516
0 0.669322 0.330944 0.052896 0.085133
0 0.672408 0.230819 0.057310 0.069543
0 0.730157 0.246409 0.056432 0.074351
0 0.752158 0.294971 0.037115 0.065959
0 0.794924 0.342271 0.064447 0.108024
0 0.701502 0.092928 0.046735 0.045560
0 0.759214 0.093532 0.098839 0.044351
0 0.733200 0.151681 0.050347 0.074336
0 0.679024 0.154086 0.065249 0.083923
0 0.940895 0.193650 0.045846 0.071932
0 0.949284 0.118709 0.101432 0.099513
0 0.927229 0.339336 0.138427 0.200236
0 0.839940 0.508997 0.161356 0.203835
0 0.963379 0.552161 0.073178 0.100723
0 0.982348 0.627706 0.035304 0.091136
0 0.955439 0.691254 0.078471 0.129499
0 0.955884 0.783577 0.045846 0.079130
0 0.958926 0.970324 0.045054 0.059351
0 0.920613 0.921468 0.091703 0.103112
0 0.879170 0.796770 0.105803 0.167876
0 0.817012 0.830944 0.052028 0.087522
0 0.828031 0.905280 0.072310 0.085133
0 0.566161 0.876504 0.045857 0.061150
0 0.523395 0.940656 0.076703 0.095914
0 0.607554 0.904086 0.079447 0.082743
0 0.669317 0.907677 0.059957 0.089926
0 0.714290 0.975125 0.079360 0.049749
0 0.662711 0.808754 0.097874 0.117507
0 0.751280 0.852522 0.095315 0.200236
0 0.483275 0.720029 0.227484 0.220619
0 0.380559 0.529985 0.178991 0.181062
0 0.239924 0.721232 0.222191 0.237419
0 0.475347 0.204447 0.245119 0.223024
0 0.311784 0.115715 0.069664 0.091136
0 0.240803 0.122308 0.089935 0.104322
0 0.100168 0.139690 0.073178 0.074336
0 0.177321 0.172662 0.096985 0.097124
0 0.221844 0.261999 0.085531 0.103112
0 0.151312 0.272795 0.062603 0.093525
0 0.085179 0.230221 0.078471 0.094720
0 0.056969 0.327338 0.089056 0.113909
0 0.069751 0.425066 0.058200 0.086327
0 0.146898 0.449646 0.099631 0.109115
0 0.149544 0.533584 0.052017 0.068348
0 0.215678 0.555162 0.078471 0.077935
0 0.074599 0.513193 0.085531 0.104322
0 0.104132 0.590538 0.077592 0.076740
0 0.069745 0.661873 0.086410 0.125900
0 0.253145 0.875907 0.052907 0.067153
0 0.136762 0.862117 0.093460 0.099513
0 0.086502 0.927471 0.059967 0.069543
0 0.146855 0.952647 0.105011 0.083938
