0 0.850436 0.041934 0.073994 0.065950
0 0.837926 0.110283 0.072916 0.077941
0 0.951099 0.032342 0.064209 0.058756
0 0.914641 0.086900 0.074004 0.088733
0 0.017669 0.043733 0.035339 0.052760
0 0.220344 0.056923 0.100113 0.100724
0 0.291078 0.022749 0.056591 0.039570
0 0.298152 0.068914 0.070739 0.067149
0 0.451597 0.060520 0.072906 0.064751
0 0.386848 0.068314 0.063121 0.065950
0 0.355832 0.114480 0.096858 0.088733
0 0.359097 0.166041 0.033737 0.035973
0 0.292710 0.272149 0.053326 0.044367
0 0.252988 0.293733 0.050062 0.063552
0 0.233943 0.233784 0.068563 0.063541
0 0.204020 0.296131 0.073994 0.065950
0 0.055472 0.044333 0.053326 0.056357
0 0.094651 0.092896 0.072916 0.093529
0 0.119138 0.155848 0.078357 0.063552
0 0.175724 0.217596 0.078347 0.083925
0 0.104446 0.231386 0.116448 0.101912
0 0.072341 0.295532 0.047885 0.052760
0 0.071797 0.333303 0.040267 0.039570
0 0.099548 0.362081 0.039179 0.044367
0 0.023111 0.101889 0.046222 0.063552
0 0.036971 0.197811 0.053326 0.077930
0 0.028809 0.293133 0.054415 0.083937
0 0.052752 0.382466 0.080534 0.073145
0 0.028008 0.438818 0.056016 0.049152
0 0.490226 0.182828 0.060945 0.055158
0 0.445067 0.124672 0.079435 0.073145
0 0.530493 0.124072 0.108830 0.103122
0 0.614831 0.112081 0.066376 0.069548
0 0.594153 0.035939 0.120791 0.068348
0 0.712777 0.094695 0.188265 0.166674
0 0.632787 0.184021 0.113172 0.088722
0 0.626802 0.264355 0.053316 0.064751
0 0.921170 0.169638 0.080534 0.074344
0 0.976129 0.111482 0.046797 0.075543
0 0.724148 0.303931 0.250411 0.275781
0 0.908660 0.272155 0.173029 0.176256
0 0.886350 0.442415 0.052228 0.058744
0 0.791129 0.487981 0.085975 0.082726
0 0.625714 0.448411 0.055493 0.051550
0 0.651833 0.492178 0.059846 0.062342
0 0.704610 0.505962 0.063121 0.065950
0 0.734487 0.547930 0.051253 0.068348
0 0.953819 0.503569 0.063121 0.085124
0 0.961437 0.589898 0.054415 0.077941
0 0.935862 0.707404 0.070739 0.077930
0 0.876555 0.760758 0.069641 0.057557
0 0.892336 0.809321 0.070729 0.068348
0 0.948378 0.777545 0.067474 0.069548
0 0.420036 0.446612 0.068552 0.079129
0 0.395493 0.291340 0.185113 0.185848
0 0.180565 0.444214 0.170965 0.177455
0 0.055472 0.526346 0.085975 0.087534
0 0.257341 0.582104 0.074004 0.074344
0 0.322094 0.595894 0.044620 0.046765
0 0.424933 0.595894 0.065287 0.063552
0 0.550626 0.621075 0.042444 0.049163
0 0.589261 0.565317 0.060945 0.055158
0 0.500513 0.522755 0.144846 0.140283
0 0.633876 0.639655 0.198060 0.206233
0 0.747598 0.773948 0.066386 0.079140
0 0.686653 0.773948 0.068563 0.079140
0 0.562053 0.835102 0.067474 0.064751
0 0.850436 0.619870 0.200236 0.207432
0 0.289990 0.950809 0.052238 0.046753
0 0.181709 0.775147 0.059846 0.074344
0 0.321494 0.669038 0.067587 0.080339
0 0.255708 0.663043 0.044620 0.049163
0 0.288901 0.630068 0.043532 0.043167
0 0.158255 0.623473 0.132875 0.147489
0 0.119081 0.705605 0.054528 0.059943
0 0.053583 0.932822 0.107166 0.133088
0 0.146289 0.968795 0.087177 0.058744
0 0.214902 0.970594 0.063111 0.057545
0 0.115329 0.835701 0.140390 0.185860
0 0.271982 0.845894 0.170965 0.189457
0 0.425477 0.708603 0.181735 0.173857
0 0.517438 0.918433 0.222002 0.157070
0 0.874379 0.929830 0.045698 0.040769
0 0.834661 0.973592 0.066386 0.041957
0 0.951335 0.900447 0.097331 0.149876
0 0.807449 0.901646 0.146910 0.130690
0 0.153963 0.101889 0.056591 0.056357
0 0.193137 0.141459 0.076170 0.065950
0 0.280739 0.131867 0.066386 0.061154
