0 0.496044 0.321579 0.127457 0.213413
0 0.360970 0.335968 0.160329 0.266197
0 0.138116 0.639321 0.221249 0.299762
0 0.042361 0.074576 0.081044 0.141477
0 0.122565 0.204066 0.181975 0.194244
0 0.173025 0.373132 0.159603 0.201443
0 0.266822 0.455874 0.093871 0.189440
0 0.647554 0.177088 0.129069 0.197844
0 0.720499 0.077572 0.169149 0.147470
0 0.768638 0.400722 0.124336 0.225416
0 0.624750 0.440289 0.179489 0.292564
0 0.375397 0.553591 0.160329 0.178659
0 0.488473 0.560187 0.054427 0.095925
0 0.358649 0.741248 0.177957 0.213430
0 0.604665 0.719660 0.197208 0.218234
0 0.822707 0.704075 0.152316 0.220611
0 0.968672 0.358752 0.062656 0.148676
0 0.760624 0.805993 0.129149 0.167878
0 0.730522 0.920501 0.222860 0.152275
0 0.524546 0.931290 0.153837 0.128285
