0 0.546802 0.039841 0.202962 0.079683
0 0.486368 0.193591 0.152792 0.194246
0 0.425368 0.378844 0.181302 0.195446
0 0.545660 0.508943 0.187000 0.151081
0 0.382038 0.580883 0.174453 0.196647
0 0.697255 0.672009 0.182547 0.184653
0 0.470406 0.897431 0.145943 0.155873
0 0.639731 0.831483 0.185858 0.141478
0 0.569604 0.929807 0.068415 0.064752
0 0.864354 0.726567 0.053594 0.051567
0 0.909387 0.720570 0.031925 0.034772
0 0.834137 0.669013 0.093500 0.109117
0 0.134042 0.909420 0.173311 0.170268
0 0.672797 0.234960 0.115160 0.099524
0 0.165396 0.535923 0.204094 0.205040
0 0.079877 0.292510 0.158491 0.219425
0 0.037373 0.121652 0.074745 0.139097
0 0.178509 0.111458 0.152792 0.137897
0 0.355816 0.092872 0.163047 0.129494
0 0.761165 0.420213 0.157349 0.239812
0 0.881967 0.511339 0.127821 0.160675
0 0.952415 0.609062 0.095170 0.104315
0 0.944736 0.364459 0.100340 0.123502
0 0.700731 0.111463 0.098066 0.123502
0 0.836358 0.171409 0.198509 0.219425
0 0.300458 0.881240 0.139217 0.169067
0 0.207014 0.751146 0.191557 0.143879
