0 0.242088 0.141850 0.074650 0.095933
0 0.334712 0.173617 0.081825 0.077933
0 0.281656 0.370267 0.056663 0.080333
0 0.304138 0.317508 0.042275 0.063550
0 0.335162 0.377458 0.041375 0.051550
0 0.315375 0.404433 0.026975 0.035967
0 0.342356 0.331300 0.034162 0.045567
0 0.373831 0.363667 0.035962 0.050367
0 0.380125 0.399042 0.023375 0.029983
0 0.354950 0.420025 0.035975 0.052750
0 0.393619 0.422417 0.021587 0.045567
0 0.405306 0.393050 0.025187 0.049167
0 0.430487 0.384650 0.028775 0.046767
0 0.459712 0.379250 0.027875 0.040767
0 0.382825 0.453000 0.032375 0.053967
0 0.418344 0.473383 0.045863 0.068333
0 0.418350 0.422417 0.027875 0.035967
0 0.439475 0.423617 0.026975 0.043167
0 0.459263 0.413433 0.017975 0.034767
0 0.480844 0.421217 0.025187 0.043167
0 0.451169 0.466183 0.028787 0.049167
0 0.483094 0.464983 0.031463 0.039567
0 0.533900 0.460792 0.032375 0.038383
0 0.508719 0.475183 0.017988 0.031167
0 0.480844 0.514750 0.052163 0.076733
0 0.533456 0.505158 0.044062 0.059950
0 0.666994 0.853475 0.050362 0.070750
0 0.628331 0.914025 0.041363 0.062350
0 0.575719 0.788125 0.049462 0.067150
0 0.503781 0.650842 0.047662 0.049150
0 0.514569 0.720383 0.054863 0.056367
0 0.475900 0.685017 0.042275 0.043167
0 0.493888 0.779733 0.053050 0.074333
0 0.451169 0.750358 0.044963 0.058750
0 0.389569 0.922425 0.044062 0.062350
0 0.535700 0.883458 0.041375 0.061150
0 0.578419 0.897842 0.051262 0.065950
0 0.574369 0.964392 0.057562 0.069550
0 0.504225 0.910433 0.052150 0.074333
0 0.462406 0.934408 0.042263 0.055150
0 0.424644 0.943400 0.040463 0.046767
