0 0.700420 0.970300 0.096517 0.055100
0 0.467733 0.043930 0.220631 0.087240
0 0.235908 0.098455 0.232688 0.111350
0 0.328123 0.185695 0.093063 0.065430
0 0.478071 0.124285 0.206832 0.096430
0 0.445323 0.201200 0.155120 0.078060
0 0.534955 0.231045 0.117207 0.082650
0 0.619414 0.185125 0.134444 0.087250
0 0.665946 0.256295 0.127538 0.080350
0 0.614242 0.293030 0.093078 0.068880
0 0.783153 0.216120 0.193033 0.121680
0 0.861577 0.120840 0.222342 0.112500
0 0.944144 0.195455 0.111712 0.103310
0 0.322087 0.276960 0.139610 0.087240
0 0.423784 0.297045 0.122372 0.076910
0 0.330706 0.363055 0.136156 0.071170
0 0.206607 0.361330 0.174084 0.104460
0 0.085961 0.410690 0.170631 0.109060
0 0.591832 0.398065 0.175796 0.099870
0 0.765916 0.349850 0.117207 0.072320
0 0.852958 0.322305 0.098258 0.065430
0 0.942583 0.336650 0.091351 0.084940
0 0.865886 0.381995 0.106877 0.056250
0 0.838303 0.438240 0.099970 0.083800
0 0.940698 0.444555 0.118604 0.103310
0 0.951044 0.515725 0.097913 0.048210
0 0.755578 0.455460 0.144790 0.099860
0 0.834002 0.520315 0.136171 0.052810
0 0.534092 0.477270 0.170646 0.076920
0 0.605623 0.526630 0.144790 0.081500
0 0.734895 0.550735 0.099970 0.067730
0 0.820210 0.571400 0.101682 0.063140
0 0.921036 0.581730 0.099970 0.070020
0 0.881404 0.624780 0.089625 0.055100
0 0.953626 0.655770 0.092748 0.087240
0 0.944309 0.741865 0.091351 0.071170
0 0.859857 0.697095 0.132718 0.094130
0 0.057200 0.567385 0.114399 0.117090
0 0.031344 0.646590 0.062688 0.078060
0 0.109219 0.688485 0.099970 0.086090
0 0.044272 0.728665 0.088544 0.086090
0 0.207470 0.636255 0.158574 0.094130
0 0.325533 0.637405 0.101697 0.075770
0 0.383273 0.593210 0.096517 0.067720
0 0.453086 0.564515 0.149955 0.079210
0 0.584932 0.604690 0.141336 0.086100
0 0.697838 0.594930 0.105135 0.068880
0 0.758161 0.643145 0.132718 0.073470
0 0.678018 0.693655 0.130991 0.071170
0 0.766779 0.751625 0.129264 0.090690
0 0.709895 0.834270 0.143063 0.092980
0 0.834002 0.850345 0.112027 0.088390
0 0.939835 0.903725 0.120330 0.105610
0 0.366044 0.875025 0.103408 0.050510
0 0.548739 0.829685 0.117207 0.076910
0 0.471179 0.656920 0.141336 0.096420
0 0.435841 0.744160 0.156847 0.089540
0 0.419474 0.824515 0.165465 0.082650
0 0.221261 0.725795 0.165465 0.107910
0 0.041149 0.836570 0.081006 0.118240
0 0.102335 0.902575 0.175811 0.114790
0 0.072162 0.979985 0.139610 0.040030
0 0.223844 0.962265 0.129279 0.071170
0 0.310030 0.976540 0.105135 0.046920
0 0.385000 0.930700 0.134444 0.072320
0 0.462560 0.972525 0.172357 0.054950
