0 0.980770 0.686449 0.038460 0.091126
0 0.591810 0.618101 0.059100 0.064760
0 0.198520 0.057553 0.111000 0.113904
0 0.132640 0.141479 0.054300 0.106712
0 0.220880 0.216419 0.107800 0.153468
0 0.337065 0.053348 0.083050 0.086336
0 0.323090 0.151074 0.056700 0.094730
0 0.382590 0.135488 0.055900 0.089925
0 0.442480 0.160661 0.075060 0.082733
0 0.446470 0.056351 0.086240 0.099520
0 0.516745 0.049152 0.054310 0.094730
0 0.519940 0.172050 0.047920 0.107913
0 0.571845 0.181051 0.063890 0.085135
0 0.625750 0.118101 0.055100 0.076742
0 0.582625 0.070743 0.063090 0.075541
0 0.668070 0.040158 0.066280 0.076742
0 0.742335 0.058146 0.072670 0.088724
0 0.701610 0.140878 0.087040 0.112718
0 0.753915 0.244002 0.070270 0.091126
0 0.851345 0.167853 0.060690 0.082733
0 0.894065 0.068341 0.069470 0.089925
0 0.844955 0.287763 0.070270 0.104324
0 0.971925 0.304550 0.046310 0.082733
0 0.829780 0.459827 0.062280 0.071937
0 0.824985 0.579730 0.060690 0.117508
0 0.745135 0.576734 0.068670 0.087523
0 0.641720 0.241607 0.064680 0.100721
0 0.697615 0.326134 0.050310 0.085120
0 0.464440 0.252387 0.088640 0.098318
0 0.347050 0.228416 0.055100 0.105511
0 0.402950 0.414865 0.079060 0.116306
0 0.477615 0.474219 0.071870 0.117508
0 0.527125 0.387290 0.075070 0.123498
0 0.555475 0.257785 0.061490 0.073138
0 0.593005 0.304550 0.051910 0.082733
0 0.600995 0.423859 0.072670 0.119910
0 0.652100 0.534167 0.091840 0.112718
0 0.253620 0.332725 0.059900 0.076742
0 0.194925 0.377688 0.068670 0.101922
0 0.294345 0.390278 0.059890 0.088724
0 0.236845 0.456832 0.061490 0.080330
0 0.555075 0.549752 0.065490 0.112718
0 0.643715 0.677455 0.070270 0.094730
0 0.633735 0.794354 0.082250 0.115105
0 0.727165 0.793761 0.091830 0.142688
0 0.692430 0.894482 0.067080 0.073138
0 0.880490 0.633686 0.043920 0.074339
0 0.930000 0.624092 0.074260 0.122297
0 0.967535 0.535968 0.048710 0.123498
0 0.961140 0.785360 0.066280 0.116306
0 0.905245 0.892080 0.109410 0.145090
0 0.842955 0.967020 0.091830 0.062357
0 0.729160 0.965826 0.078260 0.064745
0 0.568255 0.941839 0.096630 0.093529
0 0.639325 0.978116 0.085450 0.043769
0 0.412930 0.930450 0.110200 0.133093
0 0.369010 0.668461 0.067080 0.127102
0 0.367015 0.793761 0.123770 0.137883
0 0.297940 0.577928 0.079860 0.101922
0 0.284360 0.670263 0.078260 0.092327
0 0.206905 0.550953 0.102210 0.155871
0 0.188140 0.675053 0.079060 0.094730
0 0.099100 0.763183 0.122980 0.199039
0 0.125845 0.533566 0.095030 0.152267
0 0.042795 0.542560 0.082250 0.119895
