0 0.229794 0.065950 0.287266 0.131900
0 0.543062 0.412081 0.264963 0.229763
0 0.800609 0.312906 0.279831 0.226463
0 0.855094 0.537713 0.269925 0.206625
0 0.915758 0.721194 0.168408 0.166962
0 0.748605 0.815412 0.160955 0.127275
0 0.650787 0.668300 0.242697 0.180175
0 0.518296 0.163306 0.264981 0.218187
0 0.941779 0.085619 0.116442 0.168612
0 0.244654 0.942006 0.262491 0.115987
0 0.117116 0.760037 0.220412 0.191750
0 0.514579 0.860050 0.252603 0.193400
0 0.348661 0.720369 0.237734 0.195063
0 0.250852 0.533581 0.260019 0.198362
0 0.752322 0.080656 0.222884 0.158688
0 0.076517 0.414562 0.153034 0.188450
0 0.077753 0.217856 0.155506 0.191737
0 0.274373 0.274056 0.277360 0.211587
