0 0.208765 0.324510 0.289630 0.173529
0 0.554741 0.789779 0.297235 0.191748
0 0.609704 0.927810 0.242321 0.107451
0 0.183704 0.945196 0.254815 0.109020
0 0.403679 0.945343 0.219704 0.109314
0 0.545926 0.612908 0.294815 0.181699
0 0.707160 0.139297 0.332346 0.233170
0 0.480988 0.105474 0.249877 0.178595
0 0.413704 0.236029 0.279753 0.185131
0 0.781975 0.377369 0.297284 0.206699
0 0.695802 0.534395 0.294815 0.183497
0 0.311111 0.574101 0.294815 0.190033
0 0.536049 0.419444 0.264691 0.224837
0 0.263704 0.424510 0.304691 0.204902
