0 0.620257 0.119495 0.119457 0.086925
0 0.229652 0.719015 0.173409 0.126903
0 0.538867 0.437241 0.095828 0.108912
0 0.424659 0.431244 0.135213 0.092924
0 0.272379 0.439241 0.082705 0.056953
0 0.179175 0.586122 0.137837 0.142891
0 0.099758 0.683044 0.089267 0.080932
0 0.129227 0.779467 0.111708 0.097919
0 0.592687 0.504188 0.095828 0.094927
0 0.055781 0.796454 0.098453 0.093923
0 0.817163 0.712520 0.127331 0.093923
0 0.286096 0.524671 0.123526 0.107913
0 0.396367 0.512681 0.128776 0.087930
0 0.514578 0.560642 0.105022 0.129900
0 0.661606 0.622595 0.189032 0.137891
0 0.700264 0.532165 0.109091 0.128895
0 0.616972 0.800452 0.089267 0.063951
0 0.550612 0.697533 0.190477 0.137891
0 0.423343 0.616099 0.164091 0.116908
0 0.521144 0.831925 0.149648 0.128895
0 0.392427 0.847411 0.136657 0.107913
0 0.288790 0.813440 0.102390 0.099916
0 0.396367 0.728507 0.170784 0.115910
0 0.287478 0.633583 0.139150 0.109911
0 0.888706 0.794456 0.120770 0.099916
0 0.880766 0.658566 0.065770 0.067946
0 0.821103 0.599604 0.114201 0.121886
0 0.320293 0.412260 0.078768 0.056953
0 0.326202 0.356306 0.080073 0.058951
0 0.431877 0.332324 0.112889 0.116903
0 0.680638 0.213920 0.116833 0.077941
0 0.767936 0.378287 0.078761 0.050960
0 0.741679 0.307344 0.091891 0.090926
