0 0.809742 0.336334 0.110870 0.099523
0 0.974985 0.284176 0.050029 0.087527
0 0.905937 0.172603 0.084794 0.068460
0 0.927131 0.077343 0.114145 0.091128
0 0.939373 0.475423 0.079897 0.064751
0 0.969277 0.410016 0.061445 0.082852
0 0.872515 0.430461 0.050546 0.041963
0 0.902677 0.393829 0.081519 0.081649
0 0.905125 0.333275 0.076622 0.058872
0 0.833378 0.183454 0.076637 0.049165
0 0.803215 0.120445 0.166313 0.115228
0 0.971637 0.039452 0.056726 0.050358
0 0.782655 0.046047 0.073333 0.039577
0 0.856047 0.026920 0.057080 0.053839
0 0.628584 0.014930 0.084779 0.029859
0 0.692176 0.042451 0.104351 0.068351
0 0.554558 0.041372 0.115782 0.080336
0 0.455907 0.289572 0.075000 0.063547
0 0.650760 0.205038 0.119041 0.076735
0 0.585538 0.242809 0.053820 0.029978
0 0.556999 0.303362 0.120664 0.100716
0 0.667876 0.302701 0.101091 0.106833
0 0.502382 0.165412 0.223378 0.165597
0 0.084462 0.049707 0.168923 0.097245
0 0.186055 0.058698 0.066858 0.045683
0 0.349108 0.081540 0.262522 0.160672
0 0.344211 0.206838 0.086416 0.058753
0 0.295295 0.248205 0.070118 0.043156
0 0.246386 0.273986 0.070118 0.053959
0 0.474661 0.360911 0.105988 0.074338
0 0.341770 0.450244 0.123923 0.092332
0 0.329543 0.338134 0.083156 0.052755
0 0.022507 0.309355 0.045015 0.093525
0 0.234971 0.326144 0.076637 0.055152
0 0.059189 0.236215 0.118378 0.107918
0 0.078437 0.300363 0.070118 0.046757
0 0.154255 0.320748 0.091313 0.061150
0 0.154255 0.267392 0.088038 0.055152
0 0.876593 0.747608 0.048909 0.041963
0 0.954853 0.848324 0.088053 0.099512
0 0.928768 0.913671 0.071755 0.057560
0 0.858658 0.869252 0.088053 0.088850
0 0.553739 0.784176 0.081519 0.057549
0 0.101261 0.688254 0.128805 0.069544
0 0.111047 0.755401 0.128820 0.074338
0 0.274100 0.853064 0.105988 0.066063
0 0.137950 0.899886 0.088053 0.075542
0 0.039624 0.923867 0.079248 0.063547
0 0.165664 0.826741 0.101091 0.089924
0 0.262684 0.781117 0.112507 0.080456
0 0.230081 0.919067 0.086416 0.073145
0 0.323835 0.942392 0.110885 0.086453
0 0.449388 0.852522 0.114145 0.093525
0 0.540701 0.851920 0.075000 0.065944
0 0.419218 0.929257 0.089676 0.062354
0 0.508090 0.928004 0.104351 0.093644
0 0.592058 0.894425 0.079897 0.084056
0 0.663805 0.928004 0.112507 0.088850
0 0.841534 0.255401 0.216873 0.107918
0 0.736357 0.748802 0.283717 0.267386
0 0.525214 0.605515 0.269041 0.280575
0 0.691527 0.481356 0.379926 0.284295
0 0.219845 0.504398 0.352935 0.300553
