0 0.116002 0.296764 0.137440 0.088736
0 0.368814 0.057557 0.128621 0.104321
0 0.510665 0.112113 0.175258 0.153472
0 0.667644 0.167868 0.138700 0.111509
0 0.722495 0.133099 0.049177 0.046764
0 0.719345 0.088731 0.032778 0.029972
0 0.609643 0.060491 0.148790 0.110434
0 0.037197 0.449642 0.073125 0.197849
0 0.189767 0.517387 0.194177 0.175057
0 0.382054 0.568344 0.200476 0.195443
0 0.491121 0.459236 0.184087 0.214623
0 0.602078 0.619910 0.244613 0.171462
0 0.406642 0.247005 0.226954 0.171462
0 0.661974 0.308759 0.213095 0.232613
0 0.825888 0.365708 0.132391 0.202642
0 0.928651 0.428660 0.068095 0.079132
0 0.868760 0.530580 0.233274 0.153481
0 0.870020 0.689448 0.185357 0.169066
0 0.752128 0.789571 0.163919 0.196651
0 0.531468 0.842330 0.264782 0.261396
0 0.902178 0.874099 0.194177 0.219425
0 0.101503 0.650486 0.189137 0.182255
0 0.284330 0.891491 0.267312 0.213434
0 0.105288 0.813552 0.186607 0.191840
0 0.240203 0.327939 0.123562 0.127104
0 0.171488 0.160075 0.220655 0.196642
