0 0.380806 0.603725 0.101934 0.139089
0 0.499141 0.686463 0.148916 0.177457
0 0.035552 0.948451 0.070908 0.101922
0 0.026641 0.859122 0.053281 0.129498
0 0.136602 0.922074 0.117002 0.145086
0 0.087849 0.779386 0.118774 0.178653
0 0.184023 0.766199 0.132070 0.183454
0 0.248730 0.673871 0.091299 0.135495
0 0.163193 0.620515 0.113457 0.143884
0 0.457478 0.814158 0.113462 0.157074
0 0.613484 0.616318 0.115229 0.142688
0 0.437534 0.148692 0.132070 0.159472
0 0.211946 0.428068 0.090415 0.106717
0 0.353770 0.350129 0.164873 0.212226
0 0.501799 0.254204 0.131187 0.142688
0 0.427341 0.462239 0.115229 0.163065
0 0.227456 0.546172 0.133848 0.148686
0 0.439751 0.574950 0.086865 0.095925
0 0.720295 0.180466 0.128530 0.172662
0 0.843506 0.180466 0.151572 0.196638
0 0.964944 0.206843 0.066479 0.179855
0 0.711431 0.622910 0.110801 0.155872
0 0.772151 0.310561 0.054956 0.087530
0 0.675535 0.770991 0.154233 0.181057
0 0.771265 0.511400 0.095732 0.117503
0 0.728716 0.429267 0.111689 0.123501
0 0.687056 0.306364 0.124092 0.148686
0 0.301472 0.773392 0.081548 0.116308
0 0.827551 0.360921 0.059390 0.085132
0 0.330732 0.651701 0.120566 0.155845
