0 0.611083 0.616155 0.114690 0.083813
0 0.661199 0.670205 0.135740 0.094609
0 0.787074 0.910471 0.168745 0.103306
0 0.854306 0.974241 0.126552 0.051519
0 0.955499 0.969382 0.089003 0.059546
0 0.667768 0.751130 0.135786 0.082837
0 0.618332 0.834941 0.139742 0.104277
0 0.767302 0.812480 0.189835 0.131660
0 0.210083 0.033103 0.167602 0.064946
0 0.149022 0.563530 0.168745 0.132539
0 0.255803 0.498672 0.118646 0.110225
0 0.356655 0.172246 0.080416 0.055547
0 0.307876 0.225359 0.083058 0.052622
0 0.510892 0.227795 0.101506 0.088687
0 0.181321 0.277986 0.151598 0.120845
0 0.185274 0.155676 0.177972 0.149106
0 0.428501 0.270188 0.116011 0.101353
0 0.309855 0.308682 0.121281 0.110127
0 0.345446 0.642471 0.189835 0.142285
0 0.429161 0.793037 0.096235 0.075039
0 0.814098 0.540627 0.143692 0.098433
0 0.685565 0.499697 0.168738 0.137412
0 0.771915 0.321353 0.167424 0.147158
0 0.618993 0.296013 0.148963 0.110122
0 0.615697 0.387136 0.145013 0.101353
0 0.462117 0.572788 0.148963 0.100381
0 0.927474 0.844204 0.138421 0.076016
0 0.776529 0.699968 0.108104 0.077964
0 0.576149 0.558171 0.084373 0.069194
0 0.545168 0.768674 0.138421 0.117925
