0 0.552900 0.880271 0.074076 0.065430
0 0.509718 0.818286 0.054179 0.049355
0 0.468044 0.875684 0.106273 0.102161
0 0.603486 0.720713 0.264630 0.214661
0 0.823840 0.554270 0.203162 0.212364
0 0.738403 0.419966 0.073973 0.065430
0 0.676935 0.405040 0.042721 0.047070
0 0.750909 0.340758 0.055226 0.060837
0 0.704492 0.367675 0.066786 0.046029
0 0.674851 0.333863 0.065637 0.076912
0 0.879579 0.295413 0.043758 0.052794
0 0.843111 0.377489 0.145852 0.145792
0 0.815503 0.224813 0.053142 0.063133
0 0.887911 0.183490 0.135431 0.138903
0 0.729030 0.167421 0.171899 0.180226
0 0.577438 0.404463 0.066684 0.064287
0 0.581088 0.552545 0.076057 0.091833
0 0.484661 0.498592 0.170965 0.165305
0 0.407094 0.431442 0.067721 0.053948
0 0.447207 0.383230 0.043758 0.067726
0 0.366468 0.355662 0.207331 0.216980
0 0.371155 0.729327 0.056253 0.075758
0 0.364902 0.814270 0.114610 0.082658
0 0.382094 0.889463 0.063552 0.063133
0 0.411786 0.961663 0.106263 0.076674
0 0.293018 0.904955 0.191704 0.149231
0 0.160128 0.888886 0.071982 0.080351
0 0.079440 0.826324 0.085431 0.065430
0 0.152834 0.957760 0.080329 0.073462
0 0.084646 0.912421 0.066684 0.083801
0 0.023172 0.887166 0.043758 0.063133
0 0.011586 0.939910 0.023172 0.054072
0 0.047592 0.968654 0.057382 0.058575
0 0.373239 0.555413 0.056253 0.053948
0 0.275826 0.697127 0.249004 0.266425
0 0.088814 0.705221 0.177115 0.224989
0 0.117464 0.553693 0.067721 0.073473
0 0.349743 0.506052 0.061581 0.060837
0 0.260719 0.450956 0.066674 0.067726
0 0.301299 0.488264 0.077197 0.064287
0 0.212793 0.514095 0.087515 0.070023
0 0.047659 0.500317 0.071889 0.081493
0 0.038804 0.413071 0.060421 0.086097
0 0.439394 0.163405 0.067721 0.066584
0 0.470652 0.139276 0.294836 0.123937
0 0.588378 0.293688 0.238583 0.214661
0 0.247177 0.225962 0.062505 0.070023
0 0.314374 0.229983 0.073963 0.084943
0 0.195606 0.135854 0.190657 0.117093
0 0.047659 0.126097 0.094805 0.099864
0 0.013152 0.213331 0.026304 0.067726
0 0.103917 0.184644 0.069805 0.067726
0 0.124759 0.241459 0.076047 0.057398
0 0.064333 0.290820 0.076057 0.068880
0 0.132521 0.339553 0.229312 0.283654
0 0.054435 0.220798 0.060431 0.075758
0 0.977813 0.900362 0.044374 0.061991
0 0.982505 0.954316 0.034990 0.050509
0 0.941514 0.954893 0.046992 0.047070
0 0.974692 0.986917 0.050616 0.026165
0 0.905621 0.908976 0.075021 0.088382
0 0.966571 0.802217 0.044805 0.063145
0 0.987710 0.763190 0.024579 0.049367
0 0.974168 0.704644 0.051663 0.076912
0 0.845714 0.898066 0.048963 0.052805
0 0.879574 0.841821 0.081263 0.061991
0 0.895205 0.768925 0.100021 0.104457
0 0.927449 0.701770 0.043871 0.050509
0 0.927500 0.661595 0.035431 0.043620
0 0.899374 0.633473 0.035421 0.037873
0 0.949379 0.611663 0.077094 0.074615
0 0.975210 0.564021 0.049579 0.050509
0 0.943599 0.472195 0.092823 0.091833
0 0.637346 0.832064 0.034384 0.037885
0 0.805606 0.855023 0.070842 0.065430
0 0.817012 0.776391 0.066776 0.082647
0 0.769138 0.766058 0.060431 0.057387
0 0.794610 0.697755 0.063655 0.072319
0 0.741006 0.701776 0.043758 0.061991
0 0.706109 0.725305 0.048973 0.040181
0 0.714913 0.865928 0.058450 0.066584
0 0.781124 0.942268 0.101057 0.106753
0 0.702408 0.925045 0.062618 0.058552
0 0.707151 0.974983 0.055226 0.045916
0 0.645683 0.883716 0.082310 0.081505
0 0.607654 0.930215 0.052084 0.052805
0 0.549312 0.937098 0.070842 0.057387
