0 0.895308 0.312550 0.085661 0.083940
0 0.960068 0.268585 0.079865 0.077930
0 0.975743 0.352015 0.048514 0.088930
0 0.945736 0.431955 0.108529 0.118910
0 0.066389 0.104215 0.129174 0.088930
0 0.169910 0.150180 0.111171 0.082940
0 0.287755 0.158675 0.163529 0.081930
0 0.781719 0.270625 0.156622 0.112710
0 0.804219 0.364150 0.158438 0.098320
0 0.929114 0.584770 0.141772 0.148680
0 0.670098 0.635730 0.131426 0.075540
0 0.798821 0.636330 0.158423 0.131900
0 0.686299 0.719665 0.127823 0.092330
0 0.671892 0.810795 0.081021 0.065950
0 0.763709 0.899520 0.228649 0.133100
0 0.577372 0.701680 0.104414 0.080340
0 0.057012 0.252195 0.108018 0.090930
0 0.233296 0.245205 0.121517 0.084930
0 0.330818 0.306650 0.118514 0.075940
0 0.522853 0.335630 0.151532 0.099920
0 0.664632 0.345125 0.123018 0.106910
0 0.618123 0.405575 0.090030 0.073950
0 0.549857 0.436500 0.133529 0.092020
0 0.414835 0.394580 0.157538 0.097920
0 0.387830 0.470520 0.160526 0.077940
0 0.477845 0.512940 0.175541 0.093020
0 0.411081 0.600920 0.162042 0.098920
0 0.305308 0.401530 0.088514 0.070040
0 0.235548 0.352570 0.141036 0.096020
0 0.045008 0.340125 0.090015 0.092930
0 0.120773 0.376095 0.100526 0.060950
0 0.140278 0.300610 0.133529 0.100020
0 0.048761 0.484510 0.097523 0.053960
0 0.071269 0.415570 0.094520 0.069940
0 0.181539 0.426060 0.099024 0.066940
0 0.254302 0.444995 0.103529 0.085030
0 0.163536 0.478020 0.141036 0.052960
0 0.249797 0.546965 0.127523 0.106910
0 0.162035 0.551455 0.099024 0.085930
0 0.063011 0.551910 0.123018 0.099020
0 0.134279 0.618905 0.109520 0.056950
0 0.239302 0.646385 0.127523 0.087930
0 0.153033 0.682355 0.102012 0.065950
0 0.063018 0.668865 0.111021 0.090930
0 0.392327 0.707335 0.106517 0.077930
0 0.057763 0.798760 0.115526 0.110920
0 0.143273 0.874650 0.226547 0.105020
0 0.207793 0.774730 0.187538 0.131000
0 0.336817 0.739310 0.115526 0.079940
0 0.376577 0.816750 0.123033 0.100920
0 0.466592 0.764735 0.111021 0.083030
0 0.548356 0.790220 0.166532 0.104020
0 0.529602 0.878150 0.213048 0.096020
0 0.537860 0.959085 0.202538 0.081830
0 0.926884 0.023380 0.127523 0.046760
0 0.887883 0.097220 0.151532 0.102920
0 0.963821 0.157175 0.072357 0.118910
0 0.791862 0.037870 0.103514 0.075740
0 0.688341 0.022880 0.100526 0.045760
0 0.526306 0.028875 0.145526 0.057750
0 0.294512 0.025880 0.093018 0.051760
0 0.625248 0.067745 0.124670 0.089930
0 0.623821 0.125200 0.100526 0.042960
0 0.450465 0.173160 0.111171 0.078940
0 0.587815 0.174160 0.160526 0.076940
0 0.568318 0.249600 0.151532 0.091920
