0 0.800047 0.383658 0.285377 0.351409
0 0.729811 0.760755 0.401132 0.407819
0 0.833208 0.628926 0.142704 0.153490
0 0.712972 0.643305 0.093239 0.105537
0 0.529811 0.101628 0.349434 0.203255
0 0.839937 0.951158 0.122453 0.097685
0 0.633758 0.504815 0.089906 0.082718
0 0.579261 0.411242 0.162925 0.169195
0 0.557909 0.281141 0.122484 0.160805
0 0.048884 0.290201 0.097767 0.293758
0 0.347799 0.299128 0.302264 0.331074
0 0.361274 0.498238 0.079780 0.067148
0 0.309591 0.546795 0.082013 0.109094
0 0.424198 0.586292 0.162925 0.190772
0 0.353962 0.816577 0.215723 0.276980
0 0.155079 0.576695 0.305629 0.332248
0 0.121918 0.865721 0.243836 0.262584
0 0.077358 0.081158 0.153585 0.159631
