0 0.121657 0.380696 0.088527 0.124707
0 0.657849 0.118105 0.071189 0.076738
0 0.787447 0.125902 0.067539 0.085132
0 0.702567 0.173860 0.073013 0.113908
0 0.586203 0.184054 0.090352 0.095924
0 0.537832 0.287771 0.112260 0.094721
0 0.627274 0.334534 0.090352 0.169069
0 0.800223 0.384293 0.069364 0.083937
0 0.772388 0.876441 0.075748 0.087647
0 0.801133 0.944194 0.073025 0.088827
0 0.326551 0.574941 0.122299 0.112713
0 0.427402 0.569545 0.086702 0.149883
0 0.501325 0.604315 0.094001 0.135491
0 0.515929 0.713431 0.115910 0.104311
0 0.585748 0.824340 0.136897 0.122302
0 0.631839 0.709234 0.103131 0.136694
0 0.713532 0.768526 0.135100 0.169179
0 0.807079 0.703842 0.072115 0.077947
0 0.814372 0.497001 0.066624 0.095924
0 0.833080 0.627698 0.069364 0.100718
0 0.441546 0.467031 0.096741 0.074340
0 0.507715 0.408277 0.092182 0.095924
0 0.557455 0.489809 0.096741 0.083930
0 0.615410 0.582133 0.110430 0.131891
0 0.698005 0.450843 0.127773 0.185850
0 0.728580 0.608515 0.114079 0.141488
0 0.377659 0.233816 0.041981 0.061151
0 0.302366 0.260191 0.090357 0.089927
0 0.435156 0.727819 0.056585 0.092324
0 0.410971 0.675660 0.052020 0.069545
0 0.360776 0.660073 0.048371 0.050367
0 0.679752 0.897482 0.078488 0.086327
0 0.209732 0.313552 0.080313 0.103116
