0 0.429763 0.744630 0.162663 0.308173
0 0.570613 0.684679 0.176160 0.284173
0 0.947908 0.577358 0.102353 0.203852
0 0.948701 0.799185 0.100768 0.242222
0 0.321062 0.805173 0.149967 0.270988
0 0.605123 0.461654 0.154722 0.260198
0 0.421038 0.459864 0.203938 0.254198
0 0.794371 0.433481 0.190441 0.282963
0 0.919346 0.419086 0.091242 0.196642
0 0.534109 0.308765 0.177729 0.256593
0 0.371446 0.211062 0.187271 0.243407
0 0.228619 0.597741 0.150768 0.242198
0 0.102459 0.520407 0.153938 0.209852
0 0.150466 0.292000 0.227729 0.294963
