0 0.279204 0.816526 0.124746 0.156116
0 0.032888 0.789551 0.065776 0.168745
0 0.155730 0.811939 0.145962 0.174485
0 0.872380 0.109412 0.128140 0.064280
0 0.913960 0.217315 0.112861 0.165304
0 0.811279 0.232236 0.126445 0.163005
0 0.619495 0.395241 0.097593 0.105608
0 0.665317 0.342441 0.114561 0.140046
0 0.498992 0.742480 0.119653 0.129703
0 0.565183 0.850964 0.133228 0.153818
0 0.645334 0.651803 0.140952 0.164148
0 0.576216 0.535862 0.107773 0.138897
0 0.556272 0.425089 0.072983 0.084947
0 0.499841 0.301684 0.146812 0.145786
0 0.540999 0.183451 0.095044 0.138897
0 0.324180 0.229941 0.158691 0.156116
0 0.970347 0.138111 0.059307 0.121678
0 0.286841 0.379746 0.106074 0.150376
0 0.389946 0.384911 0.101836 0.140046
0 0.230408 0.488227 0.096743 0.094128
0 0.270674 0.571450 0.102764 0.118236
0 0.748481 0.326942 0.085713 0.122827
0 0.697141 0.221334 0.076372 0.102166
0 0.833342 0.378025 0.102681 0.133157
0 0.771819 0.456083 0.128989 0.133157
0 0.171431 0.641470 0.056855 0.070020
0 0.792185 0.573745 0.091646 0.102166
0 0.227014 0.689683 0.054312 0.081506
0 0.314419 0.691404 0.123896 0.137748
