0 0.385625 0.942726 0.156925 0.114547
0 0.703705 0.155373 0.271597 0.153821
0 0.894435 0.195552 0.175040 0.204330
0 0.899836 0.349948 0.200327 0.175632
0 0.931825 0.531892 0.136349 0.241066
0 0.762852 0.652995 0.160546 0.132009
0 0.881156 0.696623 0.131577 0.099868
0 0.841319 0.853311 0.261944 0.257132
0 0.590233 0.745976 0.252292 0.196292
0 0.639122 0.942726 0.144851 0.114547
0 0.503924 0.878566 0.190724 0.176774
0 0.276984 0.863071 0.050694 0.053953
0 0.278189 0.908981 0.038621 0.035585
0 0.334320 0.833792 0.141240 0.101019
0 0.810536 0.484830 0.205218 0.192849
0 0.631880 0.397014 0.251081 0.251387
0 0.462882 0.183500 0.301776 0.212358
0 0.071166 0.566901 0.078462 0.074613
0 0.166528 0.638651 0.179861 0.220396
0 0.346994 0.638075 0.224524 0.306491
0 0.513581 0.538722 0.234187 0.211330
0 0.390456 0.375203 0.280060 0.196292
0 0.255253 0.216788 0.190724 0.205481
0 0.116161 0.158245 0.232321 0.159566
0 0.138165 0.309769 0.212460 0.168745
0 0.133333 0.474500 0.258333 0.163000
