0 0.286527 0.683470 0.067818 0.115137
0 0.103418 0.752404 0.113309 0.202623
0 0.189582 0.673279 0.067018 0.092350
0 0.205545 0.556967 0.087745 0.137869
0 0.123382 0.531175 0.110109 0.196667
0 0.039982 0.546776 0.074218 0.151038
0 0.235473 0.463443 0.098145 0.121093
0 0.187200 0.380710 0.079782 0.121093
0 0.295709 0.393306 0.076582 0.100710
0 0.257018 0.329754 0.056655 0.098306
0 0.832309 0.459235 0.086945 0.127104
0 0.893345 0.069563 0.087782 0.117486
0 0.847073 0.162486 0.087745 0.121148
0 0.605309 0.426257 0.084582 0.140273
0 0.531891 0.383115 0.078182 0.137923
0 0.599327 0.309973 0.069418 0.089891
0 0.557436 0.257213 0.063818 0.097158
0 0.659164 0.339945 0.059855 0.099563
0 0.837091 0.284208 0.074182 0.129508
0 0.756891 0.236230 0.070218 0.112678
0 0.701855 0.325546 0.060655 0.099508
0 0.643200 0.238634 0.075782 0.122295
0 0.702655 0.145683 0.084582 0.121093
0 0.625655 0.126503 0.064618 0.094754
0 0.748527 0.066557 0.090145 0.116284
0 0.661545 0.049180 0.072618 0.091148
0 0.579364 0.181066 0.063018 0.100710
0 0.585364 0.074945 0.063818 0.099508
0 0.522709 0.168470 0.047091 0.128306
0 0.519527 0.059372 0.055055 0.106721
0 0.454509 0.247022 0.106909 0.119945
0 0.444909 0.152896 0.081382 0.094754
0 0.355545 0.229044 0.065418 0.105519
0 0.321236 0.149317 0.060655 0.106721
0 0.382691 0.133115 0.060655 0.110273
0 0.446909 0.058770 0.090182 0.110328
0 0.332418 0.055765 0.076618 0.106721
0 0.199564 0.062350 0.106109 0.122295
0 0.123764 0.140902 0.106145 0.216995
0 0.225109 0.209836 0.126873 0.177486
0 0.656364 0.531803 0.105309 0.130710
0 0.559818 0.546803 0.076582 0.103115
0 0.482818 0.474235 0.090145 0.152295
0 0.397055 0.407077 0.102109 0.149891
0 0.413800 0.918497 0.124473 0.151093
0 0.359945 0.799781 0.123673 0.136721
0 0.369127 0.671475 0.082982 0.139126
0 0.296509 0.590546 0.082982 0.121093
0 0.966636 0.296448 0.055164 0.088087
0 0.729364 0.968087 0.070073 0.063825
0 0.839109 0.964617 0.105709 0.070765
0 0.906309 0.886066 0.095382 0.127760
0 0.956291 0.778169 0.057455 0.098415
0 0.968109 0.684672 0.039127 0.098306
0 0.961727 0.533607 0.050291 0.160656
0 0.931800 0.623497 0.073418 0.129508
0 0.884327 0.630109 0.059855 0.118689
0 0.824891 0.587568 0.075018 0.146284
0 0.744709 0.565956 0.099745 0.136721
0 0.572600 0.939454 0.092545 0.089945
0 0.692273 0.894481 0.078218 0.083934
0 0.734564 0.793770 0.108545 0.163060
0 0.633618 0.796175 0.094945 0.141530
0 0.649982 0.672678 0.092545 0.107869
0 0.598527 0.611530 0.072618 0.088743
