0 0.441063 0.492778 0.142958 0.201444
0 0.543583 0.160639 0.166333 0.187056
0 0.541333 0.612694 0.125917 0.215833
0 0.669937 0.552111 0.149292 0.202667
0 0.670375 0.321306 0.141167 0.251833
0 0.698250 0.111472 0.134000 0.213389
0 0.828646 0.399222 0.178958 0.275778
0 0.834500 0.125278 0.149250 0.248222
0 0.955021 0.175611 0.089958 0.334556
0 0.357437 0.090472 0.177125 0.176278
0 0.404646 0.890250 0.133125 0.157056
0 0.278750 0.589889 0.172667 0.184667
0 0.351146 0.241583 0.187958 0.221833
0 0.260771 0.395639 0.201458 0.215833
0 0.403292 0.703806 0.153750 0.167833
0 0.535500 0.373472 0.146583 0.197833
