0 0.206292 0.729670 0.188087 0.179843
0 0.369446 0.706887 0.135604 0.098302
0 0.492282 0.629544 0.084430 0.099528
0 0.730252 0.567201 0.148423 0.130692
0 0.448775 0.310597 0.112584 0.077925
0 0.501225 0.362752 0.066544 0.086321
0 0.371359 0.830377 0.188087 0.160692
0 0.051477 0.835770 0.101074 0.118711
0 0.589513 0.800409 0.245671 0.184654
0 0.645185 0.360959 0.188087 0.224245
0 0.927836 0.522217 0.144329 0.211038
0 0.393758 0.166714 0.181678 0.164245
0 0.134648 0.141525 0.206007 0.142673
0 0.592718 0.589984 0.116443 0.135503
0 0.418708 0.430503 0.129228 0.121132
0 0.162802 0.371148 0.180436 0.131918
