0 0.075858 0.574951 0.092827 0.142691
0 0.620980 0.785975 0.186471 0.281778
0 0.052010 0.209827 0.104020 0.208642
0 0.055629 0.418469 0.106324 0.206222
0 0.891953 0.474827 0.147598 0.215827
0 0.853864 0.715840 0.215833 0.292568
0 0.765400 0.406469 0.159493 0.239802
0 0.676920 0.220617 0.152337 0.235012
0 0.569003 0.257790 0.169804 0.304568
0 0.432925 0.300963 0.169020 0.285383
0 0.591225 0.526383 0.179314 0.242198
0 0.462288 0.694185 0.169020 0.227926
0 0.393252 0.523988 0.167418 0.244617
0 0.205196 0.559951 0.178529 0.280593
