0 0.292426 0.542540 0.047557 0.062349
0 0.252927 0.574317 0.055617 0.063554
0 0.082848 0.525158 0.126555 0.154677
0 0.088892 0.291344 0.038692 0.049163
0 0.511273 0.227794 0.067710 0.085132
0 0.768006 0.761366 0.068519 0.073142
0 0.897784 0.676237 0.100760 0.130698
0 0.977986 0.490984 0.041915 0.067151
0 0.903425 0.321318 0.060454 0.087526
0 0.922367 0.214604 0.040301 0.056358
0 0.935669 0.169640 0.036273 0.052761
0 0.704729 0.516164 0.087058 0.095925
0 0.867959 0.859692 0.062068 0.104317
0 0.952194 0.855492 0.085444 0.131894
0 0.371017 0.347698 0.087058 0.123502
0 0.460893 0.353693 0.095923 0.133098
0 0.373838 0.468201 0.115267 0.146285
0 0.430264 0.564725 0.047557 0.061153
0 0.475807 0.579115 0.049975 0.063546
0 0.486283 0.484391 0.109625 0.145081
0 0.598329 0.478994 0.120913 0.187048
0 0.616868 0.347100 0.087053 0.141483
0 0.699894 0.173836 0.038692 0.070742
0 0.757527 0.191825 0.084640 0.157070
0 0.801861 0.133069 0.074965 0.097122
0 0.860703 0.089306 0.107211 0.119905
0 0.852643 0.019163 0.047557 0.034772
0 0.949092 0.035345 0.101816 0.069545
0 0.954208 0.105492 0.089472 0.104317
0 0.974886 0.193623 0.050227 0.098319
0 0.399632 0.852493 0.057231 0.061153
0 0.402855 0.681634 0.045948 0.067144
0 0.452029 0.651656 0.081412 0.112709
0 0.512483 0.687026 0.074965 0.106711
0 0.585432 0.629471 0.149926 0.149883
0 0.578176 0.772757 0.096728 0.119905
0 0.502811 0.778153 0.068514 0.094721
0 0.323460 0.663645 0.109625 0.124706
0 0.286784 0.743979 0.057231 0.062349
0 0.321041 0.827316 0.093504 0.109112
0 0.217058 0.769159 0.114462 0.119905
0 0.187636 0.853693 0.092695 0.121101
0 0.102194 0.803333 0.099146 0.113906
0 0.026019 0.798539 0.049975 0.065947
0 0.021185 0.903451 0.040306 0.076740
0 0.081234 0.909449 0.091086 0.117504
0 0.151362 0.950815 0.055617 0.063554
0 0.606792 0.902852 0.110434 0.137893
0 0.699492 0.847100 0.121718 0.167871
0 0.795412 0.835709 0.070123 0.101916
0 0.806695 0.941825 0.124941 0.105514
0 0.715612 0.408249 0.112043 0.136689
0 0.768408 0.309328 0.132196 0.140286
0 0.642258 0.121678 0.113657 0.160668
0 0.517720 0.065327 0.114462 0.127100
0 0.364568 0.044938 0.091890 0.088730
0 0.300486 0.086905 0.050785 0.064750
0 0.736972 0.591703 0.049975 0.057548
0 0.204161 0.313528 0.046752 0.074339
0 0.143305 0.258370 0.094309 0.122305
0 0.034484 0.308128 0.066905 0.173862
0 0.265827 0.231993 0.110429 0.127100
0 0.408500 0.237988 0.079803 0.107915
0 0.365777 0.139662 0.110429 0.100720
0 0.680950 0.311131 0.049166 0.069545
0 0.224311 0.089905 0.080607 0.097122
0 0.847806 0.399255 0.062068 0.077937
