0 0.212146 0.951443 0.073378 0.045553
0 0.215406 0.880103 0.161431 0.089924
0 0.142839 0.972424 0.078274 0.044371
0 0.031475 0.959837 0.062950 0.047961
0 0.068650 0.921470 0.096209 0.076735
0 0.025767 0.715835 0.051534 0.082733
0 0.150996 0.751204 0.176091 0.100716
0 0.181976 0.661274 0.101091 0.086323
0 0.103709 0.670868 0.071755 0.057549
0 0.126541 0.565949 0.061962 0.044371
0 0.096372 0.607316 0.096195 0.071941
0 0.030656 0.596524 0.061313 0.071941
0 0.707832 0.752999 0.070118 0.049165
0 0.293665 0.482619 0.256003 0.199035
0 0.467323 0.378899 0.234794 0.188254
0 0.790988 0.473026 0.223392 0.237419
0 0.279808 0.233818 0.231534 0.202646
0 0.445310 0.214631 0.089676 0.070738
0 0.739624 0.220027 0.101106 0.081529
0 0.901055 0.313552 0.120664 0.074349
0 0.883112 0.243411 0.123923 0.075542
0 0.827677 0.168471 0.110870 0.081540
0 0.861106 0.097722 0.076637 0.069544
0 0.964388 0.072543 0.071224 0.055152
0 0.729838 0.145689 0.101091 0.057560
0 0.773046 0.082739 0.079897 0.068341
0 0.672773 0.057560 0.107611 0.087527
0 0.575760 0.065352 0.079897 0.059946
0 0.553746 0.151079 0.101091 0.080336
0 0.486069 0.076144 0.102729 0.079143
0 0.463245 0.146291 0.070118 0.056356
0 0.402102 0.107321 0.075000 0.074338
0 0.334432 0.068351 0.092935 0.073145
0 0.070288 0.083937 0.073378 0.056356
0 0.136320 0.133097 0.091313 0.077928
0 0.044513 0.143888 0.089027 0.080336
0 0.061320 0.526383 0.097832 0.068341
0 0.753488 0.728422 0.073378 0.059946
0 0.846431 0.736215 0.083156 0.073145
0 0.923879 0.700244 0.065221 0.044371
0 0.937743 0.762592 0.112507 0.097115
0 0.804845 0.941253 0.071755 0.049165
0 0.915723 0.950846 0.140236 0.092321
0 0.654830 0.791969 0.091313 0.067148
0 0.442050 0.959235 0.096195 0.070748
0 0.477920 0.837538 0.167935 0.134295
0 0.661357 0.925662 0.205457 0.130694
0 0.168931 0.813557 0.084794 0.047961
0 0.097183 0.829138 0.071740 0.062354
0 0.310789 0.956838 0.120664 0.070748
0 0.846431 0.679262 0.076637 0.059957
0 0.769794 0.676264 0.070118 0.058753
0 0.346659 0.794967 0.107625 0.070738
0 0.442861 0.700841 0.123923 0.098319
0 0.407802 0.751800 0.076637 0.051562
0 0.328724 0.688850 0.101106 0.091128
0 0.547220 0.717028 0.091313 0.073145
0 0.525206 0.639696 0.115782 0.069544
0 0.667883 0.663677 0.075000 0.052755
0 0.667065 0.554561 0.115782 0.081529
