0 0.702543 0.423399 0.276543 0.181471
0 0.304654 0.459739 0.242642 0.170948
0 0.462506 0.388856 0.255679 0.167647
0 0.444247 0.205057 0.287012 0.183023
0 0.796481 0.683252 0.292222 0.138301
0 0.745593 0.568513 0.310494 0.167484
0 0.810827 0.051397 0.247877 0.100147
0 0.583827 0.058505 0.211358 0.117010
0 0.397272 0.072982 0.229605 0.098415
0 0.521210 0.896577 0.206123 0.153676
0 0.596864 0.761029 0.237432 0.179575
0 0.289000 0.853407 0.294840 0.212369
0 0.214642 0.622042 0.271358 0.198562
0 0.461198 0.578783 0.263531 0.195278
