0 0.061372 0.812360 0.048492 0.071947
0 0.054761 0.912478 0.109328 0.171475
0 0.322804 0.842928 0.063482 0.089926
0 0.267234 0.847131 0.051171 0.083938
0 0.235076 0.936453 0.099631 0.121106
0 0.298997 0.917271 0.038796 0.061150
0 0.309577 0.979027 0.096985 0.040767
0 0.848308 0.043171 0.102278 0.085133
0 0.915721 0.070155 0.059165 0.076740
0 0.864181 0.130701 0.084653 0.094735
0 0.784387 0.443053 0.060835 0.083923
0 0.923259 0.959240 0.063482 0.080339
0 0.902099 0.857920 0.075824 0.086342
0 0.919290 0.764993 0.076714 0.094735
0 0.943097 0.672072 0.089056 0.110310
0 0.931632 0.577345 0.060835 0.076726
0 0.929875 0.333341 0.083764 0.113909
0 0.898568 0.405878 0.079349 0.076740
0 0.851838 0.461040 0.054675 0.067153
0 0.928113 0.489218 0.092581 0.109115
0 0.851838 0.549764 0.093460 0.115103
0 0.479268 0.309358 0.256670 0.372906
0 0.611524 0.467574 0.297234 0.269897
0 0.743384 0.280583 0.269805 0.351313
0 0.855808 0.730819 0.066128 0.100723
0 0.781296 0.733215 0.081117 0.112714
0 0.825385 0.830944 0.091703 0.099528
0 0.760136 0.886696 0.081117 0.124690
0 0.685591 0.902286 0.066215 0.122301
0 0.525559 0.806305 0.246974 0.249513
0 0.478433 0.053363 0.066128 0.081534
0 0.164973 0.492212 0.171052 0.223009
0 0.082093 0.637898 0.162234 0.274587
0 0.208178 0.653481 0.067007 0.094720
0 0.248254 0.701453 0.043297 0.073142
0 0.038444 0.028783 0.053785 0.053968
0 0.072354 0.070155 0.082972 0.100723
0 0.022088 0.136099 0.044176 0.062345
0 0.172467 0.091136 0.066128 0.077935
0 0.182608 0.161276 0.044089 0.062345
0 0.052115 0.221829 0.040564 0.058761
0 0.041095 0.306962 0.074946 0.106726
0 0.013270 0.365715 0.026540 0.065944
0 0.037522 0.443650 0.075043 0.094735
0 0.206860 0.344727 0.076714 0.103112
0 0.247413 0.405885 0.036150 0.055162
0 0.306936 0.326748 0.091703 0.100723
0 0.403921 0.035678 0.086410 0.071357
0 0.282684 0.027581 0.082007 0.053953
0 0.120889 0.203842 0.102278 0.154676
0 0.253145 0.151689 0.089935 0.215826
0 0.331182 0.088142 0.057310 0.081534
0 0.394669 0.092330 0.071421 0.077935
0 0.432581 0.125302 0.037918 0.059956
0 0.339116 0.187058 0.083764 0.116298
0 0.288416 0.540774 0.059957 0.073142
0 0.358959 0.522788 0.077592 0.104307
0 0.300716 0.440052 0.107657 0.121106
0 0.336470 0.671475 0.048492 0.077935
0 0.449333 0.658282 0.082007 0.106711
0 0.273427 0.750612 0.049371 0.073142
0 0.326334 0.762596 0.059957 0.077935
