0 0.411523 0.443106 0.035136 0.074697
0 0.728871 0.024364 0.038803 0.048303
0 0.735098 0.074152 0.039530 0.057091
0 0.812697 0.301091 0.038061 0.065879
0 0.858083 0.386015 0.052712 0.106879
0 0.776826 0.353061 0.033682 0.070303
0 0.805371 0.407955 0.039530 0.068818
0 0.846735 0.523621 0.050500 0.068818
0 0.795856 0.498015 0.046864 0.096636
0 0.718258 0.258621 0.027818 0.068818
0 0.737288 0.324500 0.038061 0.068818
0 0.705076 0.353803 0.019030 0.042455
0 0.673235 0.350121 0.034409 0.064424
0 0.695932 0.395530 0.034409 0.061485
0 0.724485 0.395515 0.037333 0.055636
0 0.673235 0.425530 0.034409 0.062939
0 0.754129 0.574879 0.033682 0.062970
0 0.975212 0.767409 0.030758 0.087848
0 0.938242 0.908697 0.104697 0.168364
0 0.871629 0.816455 0.034409 0.074667
0 0.858076 0.695667 0.032212 0.061515
0 0.793659 0.677364 0.040985 0.086364
0 0.710568 0.544121 0.047591 0.062970
0 0.721917 0.599758 0.033682 0.065879
0 0.745705 0.644424 0.034409 0.061515
0 0.757424 0.699333 0.027091 0.048303
0 0.646515 0.568288 0.042455 0.067364
0 0.671409 0.594652 0.023424 0.049788
0 0.683121 0.772530 0.087848 0.174212
0 0.607720 0.836955 0.081985 0.168394
0 0.612477 0.955439 0.071015 0.089121
0 0.591614 0.683227 0.095167 0.153727
0 0.595636 0.576348 0.037333 0.060030
0 0.583189 0.517773 0.034409 0.060030
0 0.592712 0.342818 0.037333 0.076121
0 0.580992 0.260091 0.038803 0.065879
0 0.555735 0.226409 0.030742 0.060030
0 0.549152 0.141500 0.035152 0.071727
0 0.515106 0.089515 0.041727 0.099576
0 0.486924 0.038273 0.058576 0.073212
0 0.415917 0.124652 0.077591 0.146394
0 0.393227 0.929197 0.079061 0.124455
0 0.495705 0.669318 0.062955 0.099545
0 0.515477 0.565348 0.105409 0.181545
0 0.366864 0.484833 0.079061 0.163970
0 0.348568 0.317197 0.033682 0.077606
0 0.320015 0.382348 0.041000 0.058576
0 0.309038 0.329636 0.039530 0.061515
0 0.308667 0.272545 0.040273 0.064424
0 0.270598 0.137833 0.087106 0.146394
0 0.315621 0.224955 0.029273 0.051242
0 0.217886 0.243258 0.025621 0.058576
0 0.245712 0.301091 0.027091 0.054182
0 0.270962 0.328182 0.030742 0.055636
0 0.280848 0.372833 0.035879 0.068818
0 0.221189 0.354530 0.043924 0.079061
0 0.196295 0.280591 0.035136 0.062939
0 0.165917 0.276939 0.034409 0.064424
0 0.220083 0.055833 0.072470 0.108333
0 0.093068 0.213242 0.039530 0.071758
0 0.127485 0.129788 0.032212 0.065879
0 0.141386 0.790106 0.090773 0.168394
0 0.177992 0.929924 0.045379 0.084939
0 0.239121 0.792303 0.051970 0.117152
0 0.232530 0.935045 0.075394 0.124455
0 0.301348 0.741061 0.078333 0.178606
0 0.238023 0.559500 0.070288 0.155182
