0 0.177812 0.294936 0.111840 0.073142
0 0.488141 0.439417 0.102397 0.100720
0 0.585018 0.380067 0.132324 0.099520
0 0.713405 0.363281 0.140198 0.099520
0 0.610224 0.281144 0.135477 0.088728
0 0.458211 0.294336 0.140205 0.103114
0 0.338490 0.367475 0.155953 0.100720
0 0.295172 0.460405 0.107119 0.109113
0 0.182537 0.416038 0.105543 0.094721
0 0.407801 0.492776 0.105543 0.094727
0 0.234520 0.621674 0.096092 0.059955
0 0.468453 0.555128 0.072463 0.085134
0 0.570843 0.574311 0.138622 0.089927
0 0.721283 0.557525 0.089795 0.046758
0 0.675598 0.588700 0.077192 0.061150
0 0.661422 0.640859 0.058284 0.050357
0 0.559817 0.666638 0.100821 0.087528
0 0.257361 0.691217 0.097669 0.088728
0 0.314861 0.791336 0.115000 0.075541
0 0.370781 0.873471 0.113424 0.069542
0 0.826826 0.392056 0.099238 0.075541
0 0.888262 0.324911 0.077185 0.061150
0 0.601562 0.486780 0.127595 0.080335
0 0.703952 0.472391 0.105543 0.087528
0 0.941822 0.196613 0.074040 0.051562
0 0.878809 0.225991 0.089787 0.064749
0 0.781928 0.273351 0.144927 0.092327
0 0.703955 0.196613 0.077192 0.075536
0 0.620466 0.166038 0.114993 0.079141
0 0.492078 0.185823 0.103966 0.075541
0 0.388112 0.201409 0.081913 0.058756
0 0.125040 0.211602 0.088218 0.069542
0 0.126617 0.339300 0.063013 0.053956
