0 0.169075 0.462280 0.136248 0.091123
0 0.300452 0.510242 0.129756 0.098325
0 0.422910 0.449690 0.082715 0.068345
0 0.395337 0.394534 0.085958 0.085132
0 0.453729 0.238059 0.115159 0.095923
0 0.358032 0.173911 0.105429 0.087529
0 0.318296 0.251250 0.120026 0.067148
0 0.328838 0.330386 0.118402 0.086328
0 0.212054 0.305205 0.095694 0.069541
0 0.225030 0.188298 0.144353 0.097124
0 0.203134 0.094175 0.129756 0.100723
0 0.069323 0.134941 0.121645 0.093525
0 0.048240 0.030564 0.095700 0.052876
0 0.220978 0.689497 0.123263 0.116309
0 0.478867 0.774631 0.090826 0.097124
0 0.566453 0.724868 0.084346 0.081533
0 0.679178 0.694294 0.128131 0.121099
0 0.688910 0.775229 0.092457 0.062354
0 0.636199 0.829185 0.077853 0.059951
0 0.529148 0.428105 0.120026 0.082734
0 0.652414 0.358562 0.152464 0.118706
0 0.568075 0.215278 0.087589 0.067148
0 0.800826 0.835183 0.141110 0.129497
0 0.815423 0.727268 0.141110 0.105513
0 0.743246 0.492256 0.113534 0.095928
0 0.849485 0.440098 0.147596 0.109111
0 0.787038 0.968875 0.165436 0.061147
0 0.361278 0.704485 0.115159 0.083931
0 0.384792 0.625349 0.107048 0.083931
