0 0.158750 0.480028 0.226500 0.276985
0 0.068725 0.787818 0.137450 0.273390
0 0.279519 0.732060 0.212087 0.243408
0 0.417588 0.458081 0.224100 0.278184
0 0.668494 0.346573 0.189687 0.237416
0 0.711312 0.648727 0.182475 0.249401
0 0.867781 0.490459 0.192887 0.261404
0 0.946975 0.739260 0.103325 0.303352
0 0.091137 0.244663 0.182275 0.244607
0 0.091538 0.051610 0.183075 0.093521
0 0.319537 0.195496 0.208900 0.263801
0 0.719712 0.081592 0.168875 0.155880
0 0.518831 0.139738 0.205687 0.269775
0 0.812956 0.257846 0.144063 0.189438
0 0.754931 0.896938 0.196087 0.203839
0 0.552444 0.757247 0.205688 0.250599
0 0.217088 0.928109 0.162475 0.136704
0 0.424787 0.932275 0.220900 0.135449
