0 0.878714 0.623504 0.091267 0.137889
0 0.787905 0.679260 0.086702 0.127097
0 0.694355 0.739809 0.100396 0.101921
0 0.414166 0.818944 0.094916 0.111510
0 0.297804 0.821345 0.075753 0.097119
0 0.467559 0.712229 0.115910 0.116305
0 0.562930 0.538372 0.093092 0.085132
0 0.674732 0.431056 0.114085 0.115103
0 0.642790 0.328537 0.055670 0.077940
0 0.588485 0.322540 0.054760 0.065946
0 0.566124 0.273981 0.062974 0.083930
0 0.474858 0.293167 0.103131 0.105513
0 0.365795 0.291968 0.098566 0.131899
0 0.283655 0.388490 0.100391 0.133094
0 0.379487 0.410671 0.104040 0.141488
0 0.491744 0.393886 0.087617 0.122302
0 0.572059 0.428658 0.085792 0.129501
0 0.440636 0.512592 0.125949 0.098321
0 0.491744 0.594725 0.098566 0.109113
0 0.303278 0.540770 0.130508 0.159472
0 0.372640 0.661272 0.134163 0.191840
0 0.619060 0.765590 0.050195 0.067148
0 0.341152 0.877100 0.074838 0.076738
0 0.209275 0.889692 0.110435 0.111510
0 0.198781 0.616309 0.078488 0.097119
0 0.163186 0.510194 0.129598 0.136694
0 0.153147 0.382496 0.113170 0.123497
0 0.186914 0.284776 0.102221 0.093526
0 0.284113 0.221826 0.126864 0.171466
0 0.411883 0.179256 0.135988 0.124699
0 0.327921 0.115711 0.075753 0.079135
0 0.227073 0.118706 0.071189 0.080330
